0,0,0,0,0,0,0,0,0,0,0
1,0,0,0,0,0,0,0,0,0,0
2,0,0,0,0,0,0,0,0,0,0
3,0,0,0,0,0,0,0,0,0,0
4,0,0,0,0,0,0,0,0,0,0
5,0,0,0,0,0,0,0,0,0,0
6,0,0,0,0,0,0,0,0,0,0
7,0,0,0,0,0,0,0,0,0,0
8,0,0,0,0,0,0,0,0,0,0
9,0,0,0,0,0,0,0,0,0,0
10,0,0,0,0,0,0,0,0,0,0
11,0,0,0,0,0,0,0,0,0,0
12,0,0,0,0,0,0,0,0,0,0
13,0,0,0,0,0,0,0,0,0,0
14,0,0,0,0,0,0,0,0,0,0
15,0,0,0,0,0,0,0,0,0,0
16,0,0,0,0,0,0,0,0,0,0
17,0,0,0,0,0,0,0,0,0,0
18,0,0,0,0,0,0,0,0,0,0
19,0,0,0,0,0,0,0,0,0,0
20,0,0,0,0,0,0,0,0,0,0
21,0,0,0,0,0,0,0,0,0,0
22,0,0,0,0,0,0,0,0,0,0
23,0,0,0,0,0,0,0,0,0,0
24,0,0,0,0,0,0,0,0,0,0
25,0,0,0,0,0,0,0,0,0,0
26,0,0,0,0,0,0,0,0,0,0
27,0,0,0,0,0,0,0,0,0,0
28,0,0,0,0,0,0,0,0,0,0
29,0,0,0,0,0,0,0,0,0,0
30,0,0,0,0,0,0,0,0,0,0
31,0,0,0,0,0,0,0,0,0,0
32,0,0,0,0,0,0,0,0,0,0
33,0,0,0,0,0,0,0,0,0,0
34,0,0,0,0,0,0,0,0,0,0
35,0,0,0,0,0,0,0,0,0,0
36,0,0,0,0,0,0,0,0,0,0
37,0,0,0,0,0,0,0,0,0,0
38,0,0,0,0,0,0,0,0,0,0
39,0,0,0,0,0,0,0,0,0,0
40,0,0,0,0,0,0,0,0,0,0
41,0,0,0,0,0,0,0,0,0,0
42,0,0,0,0,0,0,0,0,0,0
43,0,0,0,0,0,0,0,0,0,0
44,0,0,0,0,0,0,0,0,0,0
45,0,0,0,0,0,0,0,0,0,0
46,0,0,0,0,0,0,0,0,0,0
47,0,0,0,0,0,0,0,0,0,0
48,0,0,0,0,0,0,0,0,0,0
49,0,0,0,0,0,0,0,0,0,0
50,0,0,0,0,0,0,0,0,0,0
51,0,0,0,0,0,0,0,0,0,0
52,0,0,0,0,0,0,0,0,0,0
53,0,0,0,0,0,0,0,0,0,0
54,0,0,0,0,0,0,0,0,0,0
55,0,0,0,0,0,0,0,0,0,0
56,0,0,0,0,0,0,0,0,0,0
57,0,0,0,0,0,0,0,0,0,0
58,0,0,0,0,0,0,0,0,0,0
59,0,0,0,0,0,0,0,0,0,0
60,0,0,0,0,0,0,0,0,0,0
61,0,0,0,0,0,0,0,0,0,0
62,0,0,0,0,0,0,0,0,0,0
63,0,0,0,0,0,0,0,0,0,0
64,0,0,0,0,0,0,0,0,0,0
65,0,0,0,0,0,0,0,0,0,0
66,0,0,0,0,0,0,0,0,0,0
67,0,0,0,0,0,0,0,0,0,0
68,0,0,0,0,0,0,0,0,0,0
69,0,0,0,0,0,0,0,0,0,0
70,0,0,0,0,0,0,0,0,0,0
71,0,0,0,0,0,0,0,0,0,0
72,0,0,0,0,0,0,0,0,0,0
73,0,0,0,0,0,0,0,0,0,0
74,0,0,0,0,0,0,0,0,0,0
75,0,0,0,0,0,0,0,0,0,0
76,0,0,0,0,0,0,0,0,0,0
77,0,0,0,0,0,0,0,0,0,0
78,0,0,0,0,0,0,0,0,0,0
79,0,0,0,0,0,0,0,0,0,0
80,0,0,0,0,0,0,0,0,0,0
81,0,0,0,0,0,0,0,0,0,0
82,0,0,0,0,0,0,0,0,0,0
83,0,0,0,0,0,0,0,0,0,0
84,0,0,0,0,0,0,0,0,0,0
85,0,0,0,0,0,0,0,0,0,0
86,0,0,0,0,0,0,0,0,0,0
87,0,0,0,0,0,0,0,0,0,0
88,0,0,0,0,0,0,0,0,0,0
89,0,0,0,0,0,0,0,0,0,0
90,0,0,0,0,0,0,0,0,0,0
91,0,0,0,0,0,0,0,0,0,0
92,0,0,0,0,0,0,0,0,0,0
93,0,0,0,0,0,0,0,0,0,0
94,0,0,0,0,0,0,0,0,0,0
95,0,0,0,0,0,0,0,0,0,0
96,0,0,0,0,0,0,0,0,0,0
97,0,0,0,0,0,0,0,0,0,0
98,0,0,0,0,0,0,0,0,0,0
99,0,0,0,0,0,0,0,0,0,0
100,0,0,0,0,0,0,0,0,0,0
101,0,0,0,0,0,0,0,0,0,0
102,0,0,0,0,0,0,0,0,0,0
103,0,0,0,0,0,0,0,0,0,0
104,0,0,0,0,0,0,0,0,0,0
105,0,0,0,0,0,0,0,0,0,0
106,0,0,0,0,0,0,0,0,0,0
107,0,0,0,0,0,0,0,0,0,0
108,0,0,0,0,0,0,0,0,0,0
109,0,0,0,0,0,0,0,0,0,0
110,0,0,0,0,0,0,0,0,0,0
111,0,0,0,0,0,0,0,0,0,0
112,0,0,0,0,0,0,0,0,0,0
113,0,0,0,0,0,0,0,0,0,0
114,0,0,0,0,0,0,0,0,0,0
115,0,0,0,0,0,0,0,0,0,0
116,0,0,0,0,0,0,0,0,0,0
117,0,0,0,0,0,0,0,0,0,0
118,0,0,0,0,0,0,0,0,0,0
119,0,0,0,0,0,0,0,0,0,0
120,0,0,0,0,0,0,0,0,0,0
121,0,0,0,0,0,0,0,0,0,0
122,0,0,0,0,0,0,0,0,0,0
123,0,0,0,0,0,0,0,0,0,0
124,0,0,0,0,0,0,0,0,0,0
125,0,0,0,0,0,0,0,0,0,0
126,0,0,0,0,0,0,0,0,0,0
127,0,0,0,0,0,0,0,0,0,0
128,0,0,0,0,0,0,0,0,0,0
129,0,0,0,0,0,0,0,0,0,0
130,0,0,0,0,0,0,0,0,0,0
131,0,0,0,0,0,0,0,0,0,0
132,0,0,0,0,0,0,0,0,0,0
133,0,0,0,0,0,0,0,0,0,0
134,0,0,0,0,0,0,0,0,0,0
135,0,0,0,0,0,0,0,0,0,0
136,0,0,0,0,0,0,0,0,0,0
137,0,0,0,0,0,0,0,0,0,0
138,0,0,0,0,0,0,0,0,0,0
139,0,0,0,0,0,0,0,0,0,0
140,0,0,0,0,0,0,0,0,0,0
141,0,0,0,0,0,0,0,0,0,0
142,0,0,0,0,0,0,0,0,0,0
143,0,0,0,0,0,0,0,0,0,0
144,0,0,0,0,0,0,0,0,0,0
145,0,0,0,0,0,0,0,0,0,0
146,0,0,0,0,0,0,0,0,0,0
147,0,0,0,0,0,0,0,0,0,0
148,0,0,0,0,0,0,0,0,0,0
149,0,0,0,0,0,0,0,0,0,0
150,0,0,0,0,0,0,0,0,0,0
151,0,0,0,0,0,0,0,0,0,0
152,0,0,0,0,0,0,0,0,0,0
153,0,0,0,0,0,0,0,0,0,0
154,0,0,0,0,0,0,0,0,0,0
155,0,0,0,0,0,0,0,0,0,0
156,0,0,0,0,0,0,0,0,0,0
157,0,0,0,0,0,0,0,0,0,0
158,0,0,0,0,0,0,0,0,0,0
159,0,0,0,0,0,0,0,0,0,0
160,0,0,0,0,0,0,0,0,0,0
161,0,0,0,0,0,0,0,0,0,0
162,0,0,0,0,0,0,0,0,0,0
163,0,0,0,0,0,0,0,0,0,0
164,0,0,0,0,0,0,0,0,0,0
165,0,1,0,0,0,0,0,0,0,0
166,0,1,0,0,0,0,0,0,0,0
167,0,1,0,0,0,0,0,0,0,0
168,1,1,0,0,0,0,0,0,0,0
169,1,1,0,0,0,0,0,0,0,0
170,1,1,0,0,0,0,0,0,0,0
171,1,1,0,0,0,0,0,0,0,0
172,1,1,0,0,0,0,0,0,0,0
173,0,1,0,0,0,0,0,0,0,0
174,0,1,0,0,0,0,0,0,0,0
175,0,1,0,0,0,0,0,0,0,0
176,0,1,0,0,0,0,0,0,0,0
177,0,1,0,0,0,0,0,0,0,1
178,0,1,0,0,0,0,0,0,0,1
179,1,1,0,0,0,0,0,0,0,0
180,1,1,0,0,0,0,0,0,0,0
181,1,1,0,0,0,0,0,0,0,0
182,1,1,0,0,0,0,0,0,0,0
183,1,1,0,0,0,0,0,0,0,0
184,1,1,0,0,0,0,0,0,0,0
185,1,0,0,0,0,0,0,0,0,1
186,1,0,0,0,0,0,0,0,0,1
187,1,0,0,0,0,0,0,0,0,1
188,1,0,0,0,0,0,0,0,0,1
189,1,0,0,0,0,0,0,0,0,1
190,1,0,0,0,0,0,0,0,0,1
191,0,0,0,0,0,0,0,0,0,1
192,0,0,0,0,0,0,0,0,0,1
193,0,0,0,0,0,0,0,0,0,0
194,0,0,0,0,0,0,0,0,0,0
195,0,0,0,0,0,0,0,0,0,1
196,1,0,0,0,0,0,0,0,0,0
197,1,0,0,0,0,0,0,0,0,1
198,1,0,0,0,0,0,0,0,0,1
199,1,0,0,0,0,0,0,0,0,1
200,1,0,0,0,0,0,0,0,0,1
201,1,0,0,0,0,0,0,0,0,1
202,1,0,0,0,0,0,0,0,0,1
203,1,0,0,0,0,0,0,0,0,0
204,1,0,0,0,0,0,0,0,0,0
205,1,0,0,0,0,0,0,0,0,0
206,1,0,0,0,0,0,0,0,0,0
207,1,0,0,0,0,0,0,0,0,0
208,1,0,0,0,0,0,0,0,0,0
209,1,0,0,0,0,0,0,0,0,0
210,1,0,0,0,0,0,0,0,0,0
211,1,0,0,0,0,0,0,0,0,0
212,1,0,0,0,0,0,0,0,0,0
213,1,0,0,0,0,0,0,0,0,0
214,1,0,0,0,0,0,0,0,0,0
215,1,0,0,0,0,0,0,0,0,1
216,1,0,0,0,0,0,0,0,0,1
217,1,0,0,0,0,0,0,0,0,1
218,1,0,0,0,0,0,0,0,0,1
219,1,0,0,0,0,0,0,0,0,1
220,1,0,0,0,0,0,0,0,0,1
221,1,0,0,0,0,0,0,0,0,1
222,1,0,0,0,0,0,0,0,0,1
223,1,0,0,0,0,0,0,0,0,1
224,1,0,0,0,0,0,0,0,0,1
225,1,0,0,0,0,0,0,0,0,1
226,1,0,0,0,0,0,0,0,0,1
227,1,0,0,0,0,0,0,0,0,1
228,1,0,0,0,0,0,0,0,0,1
229,1,0,0,0,0,0,0,0,0,1
230,1,0,0,0,0,0,0,0,0,1
231,1,0,0,0,0,0,0,0,0,1
232,1,0,0,0,0,0,0,0,0,1
233,1,0,0,0,0,0,0,0,0,1
234,1,0,0,0,0,0,0,0,0,1
235,1,0,0,0,0,0,0,0,0,1
236,1,0,0,0,0,0,0,0,0,1
237,1,0,0,0,0,0,0,0,0,1
238,1,0,0,0,0,0,0,0,0,1
239,1,0,0,0,0,0,0,0,0,1
240,1,0,0,0,0,0,0,0,0,1
241,1,0,0,0,0,0,0,0,0,1
242,1,0,0,0,0,0,0,0,0,1
243,1,0,0,0,0,0,0,0,0,1
244,1,0,0,0,0,0,0,0,0,1
245,1,0,0,0,0,0,0,0,0,1
246,1,0,0,0,0,0,0,0,0,1
247,1,0,0,0,0,0,0,0,0,1
248,1,0,0,0,0,0,0,0,0,1
249,1,0,0,0,0,0,0,0,0,1
250,1,0,0,0,0,0,0,0,0,1
251,1,0,0,0,0,0,0,0,0,1
252,1,0,0,0,0,0,0,0,0,1
253,1,0,0,0,0,0,0,0,0,1
254,1,0,0,0,0,0,0,0,0,1
255,1,0,0,0,0,0,0,0,0,1
256,1,0,0,0,0,0,0,0,0,1
257,1,0,0,0,0,0,0,0,0,1
258,1,0,0,0,0,0,0,0,0,1
259,1,0,0,0,0,0,0,0,0,1
260,1,0,0,0,0,0,0,0,0,1
261,1,0,0,0,0,0,0,0,0,1
262,1,0,0,0,0,0,0,0,0,1
263,1,0,0,0,0,0,0,0,0,1
264,1,0,0,0,0,0,0,0,0,1
265,1,0,0,0,0,0,0,0,0,1
266,1,0,0,0,0,0,0,0,0,1
267,1,0,0,0,0,0,0,0,0,1
268,1,0,0,0,0,0,0,0,0,1
269,1,0,0,0,0,0,0,0,0,1
270,1,0,0,0,0,0,0,0,0,1
271,1,0,0,0,0,0,0,0,0,1
272,1,0,0,0,0,0,0,0,0,1
273,1,0,0,0,0,0,0,0,0,1
274,1,0,0,0,0,0,0,0,0,1
275,1,0,0,0,0,0,0,0,0,1
276,1,0,0,0,0,0,0,0,0,1
277,1,0,0,0,0,0,0,0,0,1
278,1,0,0,0,0,0,0,0,0,1
279,1,0,0,0,0,0,0,0,0,1
280,1,0,0,0,0,0,0,0,0,1
281,1,0,0,0,0,0,0,0,0,1
282,1,0,0,0,0,0,0,0,0,1
283,1,0,0,0,0,0,0,0,0,1
284,1,0,0,0,0,0,0,0,0,1
285,1,0,0,0,0,0,0,0,0,1
286,1,0,0,0,0,0,0,0,0,1
287,1,0,0,0,0,0,0,0,0,1
288,1,0,0,0,0,0,0,0,0,1
289,1,0,0,0,0,0,0,0,0,1
290,1,0,0,0,0,0,0,0,0,1
291,1,0,0,0,0,0,0,0,0,1
292,1,0,0,0,0,0,0,0,0,1
293,1,0,0,0,0,0,0,0,0,1
294,1,0,0,0,0,0,0,0,0,1
295,1,0,0,0,0,0,0,0,0,1
296,1,0,0,0,0,0,0,0,0,1
297,1,0,0,0,0,0,0,0,0,1
298,1,0,0,0,0,0,0,0,0,1
299,1,0,0,0,0,0,0,0,0,1
300,1,0,0,0,0,0,0,0,0,1
301,1,0,0,0,0,0,0,0,0,1
302,1,0,0,0,0,0,0,0,0,1
303,1,0,0,0,0,0,0,0,0,1
304,1,0,0,0,0,0,0,0,0,1
305,1,0,0,0,0,0,0,0,0,1
306,1,0,0,0,0,0,0,0,0,1
307,1,0,0,0,0,0,0,0,0,1
308,1,0,0,0,0,0,0,0,0,1
309,1,0,0,0,0,0,0,0,0,1
310,1,0,0,0,0,0,0,0,0,1
311,1,0,0,0,0,0,0,0,0,1
312,1,0,0,0,0,0,0,0,0,1
313,1,0,0,0,0,0,0,0,0,1
314,1,0,0,0,0,0,0,0,0,1
315,1,0,0,0,0,0,0,0,0,1
316,1,0,0,0,0,0,0,0,0,1
317,1,0,0,0,0,0,0,0,0,1
318,1,0,0,0,0,0,0,0,0,1
319,1,0,0,0,0,0,0,0,0,1
320,1,0,0,0,0,0,0,0,0,1
321,1,0,0,0,0,0,0,0,0,1
322,1,0,0,0,0,0,0,0,0,1
323,1,0,0,0,0,0,0,0,0,1
324,1,0,0,0,0,0,0,0,0,1
325,1,0,0,0,0,0,0,0,0,1
326,1,0,0,0,0,0,0,0,0,1
327,1,0,1,0,0,0,0,0,0,0
328,1,0,1,0,0,0,0,0,0,0
329,1,0,1,0,0,0,0,0,0,0
330,1,0,1,0,0,0,0,0,0,0
331,1,0,1,0,0,0,0,0,0,0
332,1,0,1,0,0,0,0,0,0,0
333,1,0,1,0,0,0,0,0,0,0
334,1,0,1,0,0,0,0,0,0,0
335,1,0,1,0,0,0,0,0,0,0
336,1,0,1,0,0,0,0,0,0,0
337,1,0,1,0,0,0,0,0,0,0
338,1,0,1,0,0,0,0,0,0,0
339,1,0,1,0,0,0,0,0,0,0
340,1,0,1,0,0,0,0,0,0,0
341,1,0,1,0,0,0,0,0,0,0
342,1,0,1,0,0,0,0,0,0,0
343,1,0,1,0,0,0,0,0,0,0
344,1,0,1,0,0,0,0,0,0,0
345,1,0,1,0,0,0,0,0,0,0
346,1,0,1,0,0,0,0,0,0,0
347,1,0,1,0,0,0,0,0,0,0
348,1,0,1,0,0,0,0,0,0,0
349,1,0,1,0,0,0,0,0,0,0
350,1,0,1,0,0,0,0,0,0,0
351,1,0,1,0,0,0,0,0,0,0
352,1,0,1,0,0,0,0,0,0,0
353,1,0,1,0,0,0,0,0,0,0
354,1,0,1,0,0,0,0,0,0,0
355,1,0,1,0,0,0,0,0,0,0
356,1,0,1,0,0,0,0,0,0,0
357,1,0,1,0,0,0,0,0,0,0
358,1,0,1,0,0,0,0,0,0,0
359,1,0,1,0,0,0,0,0,0,0
360,1,0,1,0,0,0,0,0,0,0
361,1,0,1,0,0,0,0,0,0,0
362,1,0,1,0,0,0,0,0,0,0
363,1,0,1,0,0,0,0,0,0,0
364,1,0,1,0,0,0,0,0,0,0
365,1,0,1,0,0,0,0,0,0,0
366,1,0,1,0,0,0,0,0,0,0
367,1,0,1,0,0,0,0,0,0,0
368,1,0,1,0,0,0,0,0,0,0
369,1,0,1,0,0,0,0,0,0,0
370,1,0,1,0,0,0,0,0,0,0
371,1,0,1,0,0,0,0,0,0,0
372,1,0,1,0,0,0,0,0,0,0
373,1,0,1,0,0,0,0,0,0,0
374,0,0,1,0,0,0,0,0,0,0
375,1,0,1,0,0,0,0,0,0,0
376,1,0,1,0,0,0,0,0,0,0
377,1,0,1,0,0,0,0,0,0,0
378,1,0,1,0,0,0,0,0,0,0
379,1,0,1,0,0,0,0,0,0,0
380,1,0,1,0,0,0,0,0,0,0
381,1,0,1,0,0,0,0,0,0,0
382,1,0,1,0,0,0,0,0,0,0
383,1,0,1,0,0,0,0,0,0,0
384,1,0,1,0,0,0,0,0,0,0
385,1,0,1,0,0,0,0,0,0,0
386,1,0,1,0,0,0,0,0,0,0
387,1,0,1,0,0,0,0,0,0,0
388,1,0,1,0,0,0,0,0,0,0
389,1,0,1,0,0,0,0,0,0,0
390,1,0,1,0,0,0,0,0,0,0
391,1,0,1,0,0,0,0,0,0,0
392,1,0,1,0,0,0,0,0,0,0
393,1,0,1,0,0,0,0,0,0,0
394,1,0,1,0,0,0,0,0,0,0
395,1,0,1,0,0,0,0,0,0,0
396,1,0,1,0,0,0,0,0,0,0
397,1,0,1,0,0,0,0,0,0,0
398,1,0,1,0,0,0,0,0,0,0
399,1,0,1,0,0,0,0,0,0,0
400,1,0,1,0,0,0,0,0,0,0
401,1,0,1,0,0,0,0,0,0,0
402,1,0,1,0,0,0,0,0,0,0
403,1,0,1,0,0,0,0,0,0,0
404,1,0,1,0,0,0,0,0,0,0
405,1,0,1,0,0,0,0,0,0,0
406,1,0,1,0,0,0,0,0,0,0
407,1,0,1,0,0,0,0,0,0,0
408,1,0,1,0,0,0,0,0,0,0
409,1,0,1,0,0,0,0,0,0,0
410,1,0,1,0,0,0,0,0,0,0
411,1,0,1,0,0,0,0,0,0,0
412,1,0,1,0,0,0,0,0,0,0
413,1,0,1,0,0,0,0,0,0,0
414,1,0,1,0,0,0,0,0,0,0
415,1,0,1,0,0,0,0,0,0,0
416,1,0,1,0,0,0,0,0,0,0
417,1,0,1,0,0,0,0,0,0,0
418,1,0,1,0,0,0,0,0,0,0
419,1,0,1,0,0,0,0,0,0,0
420,1,0,1,0,0,0,0,0,0,0
421,1,0,1,0,0,0,0,0,0,0
422,1,0,1,0,0,0,0,0,0,0
423,1,0,1,0,0,0,0,0,0,0
424,1,0,1,0,0,0,0,0,0,0
425,1,0,1,0,0,0,0,0,0,0
426,1,0,1,0,0,0,0,0,0,0
427,1,0,1,0,0,0,0,0,0,0
428,1,0,1,0,0,0,0,0,0,0
429,1,0,1,0,0,0,0,0,0,0
430,1,0,1,0,0,0,0,0,0,0
431,1,0,1,0,0,0,0,0,0,0
432,1,0,1,0,0,0,0,0,0,0
433,1,0,1,0,0,0,0,0,0,0
434,1,0,1,0,0,0,0,0,0,0
435,1,0,1,0,0,0,0,0,0,0
436,1,0,1,0,0,0,0,0,0,0
437,1,0,1,0,0,0,0,0,0,0
438,1,0,1,0,0,0,0,0,0,0
439,1,0,1,0,0,0,0,0,0,0
440,1,0,1,0,0,0,0,0,0,0
441,1,0,1,0,0,0,0,0,0,0
442,1,0,1,0,0,0,0,0,0,0
443,1,0,1,0,0,0,0,0,0,0
444,1,0,1,0,0,0,0,0,0,0
445,1,0,1,0,0,0,0,0,0,0
446,1,0,1,0,0,0,0,0,0,0
447,1,0,1,0,0,0,0,0,0,0
448,1,0,1,0,0,0,0,0,0,0
449,1,0,1,0,0,0,0,0,0,0
450,1,0,1,0,0,0,0,0,0,0
451,1,0,1,0,0,0,0,0,0,0
452,1,0,1,0,0,0,0,0,0,0
453,1,0,0,0,0,0,0,0,0,0
454,1,0,1,0,0,0,0,0,0,0
455,1,0,1,0,0,0,0,0,0,0
456,1,0,1,0,0,0,0,0,0,0
457,1,0,1,0,0,0,0,0,0,0
458,1,0,1,0,0,0,0,0,0,0
459,1,0,0,0,0,0,0,0,0,1
460,1,0,0,0,0,0,0,0,0,1
461,1,0,0,0,0,0,0,0,0,1
462,1,0,0,0,0,0,0,0,0,1
463,1,0,0,0,0,0,0,0,0,0
464,1,0,0,0,0,0,0,0,0,1
465,1,0,0,0,0,0,0,0,0,1
466,1,0,0,0,0,0,0,0,0,1
467,1,0,0,0,0,0,0,0,0,0
468,1,0,0,0,0,0,0,0,0,1
469,1,0,0,0,0,0,0,0,0,1
470,1,0,1,0,0,0,0,0,0,0
471,1,0,1,0,0,0,0,0,0,0
472,1,0,1,0,0,0,0,0,0,0
473,1,0,1,0,0,0,0,0,0,0
474,1,0,0,0,0,0,0,0,0,1
475,1,0,1,0,0,0,0,0,0,0
476,1,0,1,0,0,0,0,0,0,0
477,1,0,1,0,0,0,0,0,0,0
478,1,0,1,0,0,0,0,0,0,0
479,1,0,1,0,0,0,0,0,0,0
480,1,0,1,0,0,0,0,0,0,0
481,1,0,0,0,0,0,0,0,0,1
482,1,0,0,0,0,0,0,0,0,1
483,1,0,0,0,0,0,0,0,0,1
484,1,0,0,0,0,0,0,0,0,1
485,1,0,0,0,0,0,0,0,0,0
486,1,0,0,0,0,0,0,0,0,1
487,1,0,0,0,0,0,0,0,0,1
488,1,0,0,0,0,0,0,0,0,1
489,1,0,0,0,0,0,0,0,0,1
490,1,0,0,0,0,0,0,0,0,1
491,1,0,0,0,0,0,0,0,0,1
492,1,0,1,0,0,0,0,0,0,0
493,1,0,1,0,0,0,0,0,0,0
494,1,0,1,0,0,0,0,0,0,0
495,1,0,1,0,0,0,0,0,0,0
496,1,0,1,0,0,0,0,0,0,0
497,1,0,1,0,0,0,0,0,0,0
498,1,0,1,0,0,0,0,0,0,0
499,1,0,1,0,0,0,0,0,0,0
500,1,0,1,0,0,0,0,0,0,0
501,1,0,1,0,0,0,0,0,0,0
502,1,0,1,0,0,0,0,0,0,0
503,1,0,1,0,0,0,0,0,0,0
504,1,0,1,0,0,0,0,0,0,0
505,1,0,1,0,0,0,0,0,0,0
506,1,0,0,0,0,0,0,0,0,1
507,1,0,0,0,0,0,0,0,0,1
508,1,0,1,0,0,0,0,0,0,0
509,1,1,1,0,0,0,0,0,0,0
510,1,1,0,0,0,0,0,0,0,0
511,1,1,0,0,0,0,0,0,0,1
512,1,1,0,0,0,0,0,0,0,1
513,1,1,0,0,0,0,0,0,0,1
514,1,0,0,0,0,0,0,0,0,1
515,1,0,0,0,0,0,0,0,0,1
516,1,1,0,0,0,0,0,0,0,1
517,1,1,0,0,0,0,0,0,0,1
518,1,1,0,0,0,0,0,0,0,1
519,1,1,0,0,0,0,0,0,0,1
520,1,1,0,0,0,0,0,0,0,1
521,1,1,0,0,0,0,0,0,0,1
522,1,1,0,0,0,0,0,0,0,1
523,1,1,0,0,0,0,0,0,0,1
524,1,1,0,0,0,0,0,0,0,1
525,1,1,0,0,0,0,0,0,0,1
526,1,1,0,0,0,0,0,0,0,1
527,1,1,0,0,0,0,0,0,0,1
528,1,1,0,0,0,0,0,0,0,1
529,1,0,0,0,0,0,0,0,0,1
530,1,1,0,0,0,0,0,0,0,1
531,1,1,0,0,0,0,0,0,0,1
532,1,1,0,0,0,0,0,0,0,1
533,1,1,0,0,0,0,0,0,0,1
534,1,1,0,0,0,0,0,0,0,1
535,1,1,0,0,0,0,0,0,0,1
536,1,1,0,0,0,0,0,0,0,1
537,1,1,0,0,0,0,0,0,0,1
538,1,1,0,0,0,0,0,0,0,1
539,1,1,0,0,0,0,0,0,0,1
540,1,1,0,0,0,0,0,0,0,1
541,1,1,0,0,0,0,0,0,0,1
542,1,1,0,0,0,0,0,0,0,1
543,1,1,0,0,0,0,0,0,0,1
544,1,0,0,0,0,0,0,0,0,1
545,1,1,0,0,0,0,0,0,0,1
546,1,0,1,0,0,0,0,0,0,0
547,1,1,1,0,0,0,0,0,0,0
548,1,1,1,0,0,0,0,0,0,0
549,1,1,1,0,0,0,0,0,0,0
550,1,1,1,0,0,0,0,0,0,0
551,1,0,1,0,0,0,0,0,0,0
552,1,0,0,0,0,0,0,0,0,1
553,1,1,1,0,0,0,0,0,0,0
554,1,0,1,0,0,0,0,0,0,0
555,1,0,1,0,0,0,0,0,0,0
556,1,0,1,0,0,0,0,0,0,0
557,1,1,1,0,0,0,0,0,0,0
558,1,1,1,0,0,0,0,0,0,0
559,1,1,1,0,0,0,0,0,0,0
560,1,1,1,0,0,0,0,0,0,0
561,1,1,1,0,0,0,0,0,0,0
562,1,1,1,0,0,0,0,0,0,0
563,1,1,1,0,0,0,0,0,0,0
564,1,1,1,0,0,0,0,0,0,0
565,1,1,1,0,0,0,0,0,0,0
566,1,1,1,0,0,0,0,0,0,0
567,1,1,1,0,0,0,0,0,0,0
568,1,1,1,0,0,0,0,0,0,0
569,1,1,1,0,0,0,0,0,0,0
570,1,1,1,0,0,0,0,0,0,0
571,1,0,1,0,0,0,0,0,0,0
572,1,1,1,0,0,0,0,0,0,0
573,1,1,1,0,0,0,0,0,0,0
574,1,1,1,0,0,0,0,0,0,0
575,1,1,1,0,0,0,0,0,0,0
576,1,1,1,0,0,0,0,0,0,0
577,1,1,1,0,0,0,0,0,0,0
578,1,1,1,0,0,0,0,0,0,0
579,1,1,1,0,0,0,0,0,0,0
580,1,1,1,0,0,0,0,0,0,0
581,1,1,1,0,0,0,0,0,0,0
582,1,1,1,0,0,0,0,0,0,0
583,0,1,1,0,0,0,0,0,0,0
584,0,1,1,0,0,0,0,0,0,0
585,0,0,1,0,0,0,0,0,0,0
586,0,0,1,0,0,0,0,0,0,0
587,0,0,1,0,0,0,0,0,0,0
588,0,1,1,0,0,0,0,0,0,0
589,0,1,1,0,0,0,0,0,0,0
590,0,1,1,0,0,0,0,0,0,0
591,0,0,1,0,0,0,0,0,0,0
592,0,1,1,0,0,0,0,0,0,0
593,0,1,1,0,0,0,0,0,0,0
594,0,1,1,0,0,0,0,0,0,0
595,0,0,1,0,0,0,0,0,0,0
596,0,0,1,0,0,0,0,0,0,0
597,0,1,1,0,0,0,0,0,0,0
598,0,1,1,0,0,0,0,0,0,0
599,0,1,1,0,0,0,0,0,0,0
600,1,1,1,0,0,0,0,0,0,0
601,1,1,1,0,0,0,0,0,0,0
602,1,1,1,0,0,0,0,0,0,0
603,1,1,1,0,0,0,0,0,0,0
604,1,1,1,0,0,0,0,0,0,0
605,1,1,1,0,0,0,0,0,0,0
606,1,1,1,0,0,0,0,0,0,0
607,1,1,1,0,0,0,0,0,0,0
608,1,0,1,0,0,0,0,0,0,0
609,1,0,1,0,0,0,0,0,0,0
610,1,0,1,0,0,0,0,0,0,0
611,1,0,1,0,0,0,0,0,0,0
612,1,0,1,0,0,0,0,0,0,0
613,1,0,1,0,0,0,0,0,0,0
614,1,0,1,0,0,0,0,0,0,0
615,1,0,1,0,0,0,0,0,0,0
616,1,0,1,0,0,0,0,0,0,0
617,1,0,1,0,0,0,0,0,0,0
618,1,1,1,0,0,0,0,0,0,0
619,1,1,1,0,0,0,0,0,0,0
620,1,1,1,0,0,0,0,0,0,0
621,1,1,1,0,0,0,0,0,0,0
622,1,0,1,0,0,0,0,0,0,0
623,1,0,1,0,0,0,0,0,0,0
624,1,0,1,0,0,0,0,0,0,0
625,0,0,0,0,0,0,0,0,0,0
626,0,0,0,0,0,0,0,0,0,0
627,0,0,0,0,0,0,0,0,0,0
628,0,0,0,0,0,0,0,0,0,0
629,0,0,0,0,0,0,0,0,0,0
630,0,0,0,0,0,0,0,0,0,0
631,0,0,0,0,0,0,0,0,0,0
632,0,0,0,0,0,0,0,0,0,0
633,0,0,0,0,0,0,0,0,0,0
634,0,1,0,0,0,0,0,0,0,0
635,0,1,0,0,0,0,0,0,0,0
636,0,0,0,0,0,0,0,0,0,0
637,0,0,0,0,0,0,0,0,0,0
638,1,0,0,0,0,0,0,0,0,0
639,1,0,0,0,0,0,0,0,0,0
640,1,0,0,0,0,0,0,0,0,0
641,0,0,0,0,0,0,0,0,0,1
642,0,0,0,0,0,0,0,0,0,0
643,0,1,0,0,0,0,0,0,0,0
644,0,1,0,0,0,0,0,0,0,0
645,0,1,0,0,0,0,0,0,0,0
646,0,1,0,0,0,0,0,0,0,0
647,0,1,0,0,0,0,0,0,0,0
648,0,1,0,0,0,0,0,0,0,0
649,0,1,0,0,0,0,0,0,0,0
650,0,1,0,0,0,0,0,0,0,0
651,0,1,0,0,0,0,0,0,0,0
652,0,1,0,0,0,0,0,0,0,0
653,0,1,0,0,0,0,0,0,0,0
654,0,1,0,0,0,0,0,0,0,0
655,0,1,0,0,0,0,0,0,0,0
656,0,1,0,0,0,0,0,0,0,0
657,0,1,0,0,0,0,0,0,0,0
658,0,1,0,0,0,0,0,0,0,0
659,0,1,0,0,0,0,0,0,0,0
660,0,1,0,0,0,0,0,0,0,0
661,0,1,0,0,0,0,0,0,0,0
662,0,1,0,0,0,0,0,0,0,0
663,0,1,0,0,0,0,0,0,0,0
664,0,1,0,0,0,0,0,0,0,0
665,0,0,0,0,0,0,0,0,0,0
666,0,0,0,0,0,0,0,0,0,0
667,0,0,0,0,0,0,0,0,0,0
668,0,0,0,0,0,0,0,0,0,0
669,0,0,0,0,0,0,0,0,0,0
670,0,1,0,0,0,0,0,0,0,0
671,0,0,0,0,0,0,0,0,0,0
672,0,0,0,0,0,0,0,0,0,1
673,0,0,0,0,0,0,0,0,0,1
674,1,0,0,0,0,0,0,0,0,0
675,1,0,0,0,0,0,0,0,0,0
676,1,0,0,0,0,0,0,0,0,0
677,1,0,0,0,0,0,0,0,0,0
678,1,0,0,0,0,0,0,0,0,0
679,1,0,0,0,0,0,0,0,0,0
680,1,0,0,0,0,0,0,0,0,0
681,1,0,0,0,0,0,0,0,0,0
682,1,1,0,0,0,0,0,0,0,0
683,1,1,0,0,0,0,0,0,0,0
684,1,1,0,0,0,0,0,0,0,0
685,1,1,0,0,0,0,0,0,0,0
686,1,1,0,0,0,0,0,0,0,0
687,1,1,0,0,0,0,0,0,0,0
688,1,1,0,0,0,0,0,0,0,0
689,1,1,0,0,0,0,0,0,0,0
690,1,1,0,0,0,0,0,0,0,0
691,1,1,0,0,0,0,0,0,0,0
692,1,1,0,0,0,0,0,0,0,0
693,1,1,0,0,0,0,0,0,0,0
694,1,1,0,0,0,0,0,0,0,0
695,1,1,0,0,0,0,0,0,0,0
696,1,1,0,0,0,0,0,0,0,0
697,1,1,0,0,0,0,0,0,0,0
698,1,1,0,0,0,0,0,0,0,0
699,0,1,0,0,0,0,0,0,0,0
700,0,1,0,0,0,0,0,0,0,0
701,1,0,0,0,0,0,0,0,0,0
702,1,0,0,0,0,0,0,0,0,0
703,1,0,0,0,0,0,0,0,0,0
704,0,0,0,0,0,0,0,0,0,1
705,0,0,0,0,0,0,0,0,0,1
706,0,0,0,0,0,0,0,0,0,1
707,0,0,0,0,0,0,0,0,0,1
708,1,0,0,0,0,0,0,0,0,0
709,1,0,0,0,0,0,0,0,0,0
710,1,0,0,0,0,0,0,0,0,0
711,1,0,0,0,0,0,0,0,0,0
712,1,0,0,0,0,0,0,0,0,0
713,1,0,0,0,0,0,0,0,0,0
714,1,0,0,0,0,0,0,0,0,0
715,1,0,0,0,0,0,0,0,0,0
716,1,0,0,0,0,0,0,0,0,0
717,1,0,0,0,0,0,0,0,0,0
718,1,0,0,0,0,0,0,0,0,0
719,1,0,0,0,0,0,0,0,0,0
720,0,0,0,0,0,0,0,0,0,1
721,1,1,0,0,0,0,0,0,0,1
722,1,1,0,0,0,0,0,0,0,1
723,1,0,1,0,0,0,0,0,0,0
724,0,0,1,0,0,0,0,0,0,0
725,1,0,1,0,0,0,0,0,0,0
726,0,0,1,0,0,0,0,0,0,1
727,1,0,1,0,0,0,0,0,0,0
728,1,0,1,0,0,0,0,0,0,0
729,1,0,1,0,0,0,0,0,0,0
730,1,0,1,0,0,0,0,0,0,0
731,1,0,1,0,0,0,0,0,0,0
732,1,0,1,0,0,0,0,0,0,0
733,1,0,1,0,0,0,0,0,0,0
734,1,0,1,0,0,0,0,0,0,0
735,1,0,1,0,0,0,0,0,0,0
736,1,0,1,0,0,0,0,0,0,0
737,1,0,1,0,0,0,0,0,0,0
738,1,1,1,0,0,0,0,0,0,0
739,1,1,1,0,0,0,0,0,0,0
740,1,1,1,0,0,0,0,0,0,0
741,1,1,1,0,0,0,0,0,0,0
742,1,1,1,0,0,0,0,0,0,0
743,1,1,1,0,0,0,0,0,0,0
744,1,1,1,0,0,0,0,0,0,0
745,1,1,1,0,0,0,0,0,0,0
746,1,1,1,0,0,0,0,0,0,0
747,1,1,1,0,0,0,0,0,0,0
748,1,1,1,0,0,0,0,0,0,0
749,1,1,1,0,0,0,0,0,0,0
750,1,1,1,0,0,0,0,0,0,0
751,1,1,1,0,0,0,0,0,0,0
752,1,1,1,0,0,0,0,0,0,0
753,1,1,1,0,0,0,0,0,0,0
754,1,1,1,0,0,0,0,0,0,0
755,1,1,1,0,0,0,0,0,0,0
756,1,1,1,0,0,0,0,0,0,0
757,1,1,0,0,0,0,0,0,0,0
758,1,1,0,0,0,0,0,0,0,0
759,1,1,0,0,0,0,0,0,0,0
760,1,1,0,0,0,0,0,0,0,0
761,1,1,0,0,0,0,0,0,0,0
762,1,1,0,0,0,0,0,0,0,0
763,1,1,0,0,0,0,0,0,0,0
764,1,1,0,0,0,0,0,0,0,0
765,1,0,0,0,0,0,0,0,0,0
766,1,0,0,0,0,0,0,0,0,1
767,1,0,0,0,0,0,0,0,0,1
768,1,0,0,0,0,0,0,0,0,1
769,1,0,0,0,0,0,0,0,0,1
770,1,0,0,0,0,0,0,0,0,1
771,1,0,0,0,0,0,0,0,0,1
772,1,0,0,0,0,0,0,0,0,1
773,1,1,0,0,0,0,0,0,0,0
774,1,1,0,0,0,0,0,0,0,1
775,1,1,0,0,0,0,0,0,0,1
776,1,1,0,0,0,0,0,0,0,0
777,1,0,0,0,1,0,0,0,0,0
778,1,0,0,0,1,0,0,0,0,0
779,1,1,0,0,1,0,0,0,0,0
780,1,1,0,0,1,0,0,0,0,0
781,1,0,0,0,1,0,0,0,0,0
782,1,0,0,0,1,0,0,0,0,0
783,1,0,0,0,1,0,0,0,0,0
784,1,0,0,0,1,0,0,0,0,0
785,1,0,0,0,1,0,0,0,0,0
786,1,0,0,0,1,0,0,0,0,0
787,1,0,0,0,1,0,0,0,0,0
788,1,0,0,0,1,0,0,0,0,0
789,1,0,0,0,1,0,0,0,0,0
790,1,0,0,0,1,0,0,0,0,0
791,1,0,0,0,1,0,0,0,0,0
792,1,0,0,0,1,0,0,0,0,0
793,1,0,0,0,1,0,0,0,0,0
794,1,0,0,0,1,0,0,0,0,0
795,1,0,0,0,1,0,0,0,0,0
796,1,1,0,0,1,0,0,0,0,0
797,1,1,0,0,1,0,0,0,0,0
798,1,1,0,0,1,0,0,0,0,0
799,1,1,0,0,1,0,0,0,0,0
800,1,1,0,0,1,0,0,0,0,0
801,1,1,0,0,1,0,0,0,0,0
802,1,1,0,0,1,0,0,0,0,0
803,1,1,0,0,1,0,0,0,0,0
804,1,1,0,0,1,0,0,0,0,0
805,1,1,0,0,1,0,0,0,0,0
806,1,1,0,0,1,0,0,0,0,0
807,1,1,0,0,1,0,0,0,0,0
808,1,1,0,0,1,0,0,0,0,0
809,1,1,0,0,1,0,0,0,0,0
810,1,1,0,0,1,0,0,0,0,0
811,1,1,0,0,1,0,0,0,0,0
812,1,1,0,0,1,0,0,0,0,0
813,1,1,0,0,1,0,0,0,0,0
814,1,1,0,0,1,0,0,0,0,0
815,1,1,0,0,1,0,0,0,0,0
816,1,1,0,0,1,0,0,0,0,0
817,1,1,0,0,1,0,0,0,0,0
818,1,1,0,0,1,0,0,0,0,0
819,1,1,0,0,1,0,0,0,0,0
820,1,1,0,0,1,0,0,0,0,0
821,1,1,0,0,1,0,0,0,0,0
822,1,1,0,0,1,0,0,0,0,0
823,1,1,0,0,1,0,0,0,0,0
824,1,1,0,0,1,0,0,0,0,0
825,1,1,0,0,1,0,0,0,0,0
826,1,1,0,0,1,0,0,0,0,0
827,1,1,0,0,1,0,0,0,0,0
828,1,1,0,0,1,0,0,0,0,0
829,1,1,0,0,1,0,0,0,0,0
830,1,1,0,0,1,0,0,0,0,0
831,1,1,0,0,0,0,0,0,0,0
832,1,1,0,0,0,0,0,0,0,0
833,1,1,0,0,0,0,0,0,0,0
834,1,1,0,0,0,0,0,0,0,0
835,1,1,0,0,0,0,0,0,0,0
836,1,1,0,0,0,0,0,0,0,0
837,1,1,0,0,0,0,0,0,0,0
838,1,1,0,0,0,0,0,0,0,0
839,1,1,0,0,0,0,0,0,0,0
840,1,0,0,0,0,0,0,0,0,0
841,1,0,0,0,0,0,0,0,0,0
842,1,0,0,0,0,0,0,0,0,0
843,1,0,0,0,0,0,0,0,0,0
844,1,0,0,0,0,0,0,0,0,1
845,1,1,0,0,0,1,0,0,0,0
846,1,1,0,0,0,1,0,0,0,0
847,1,1,0,0,0,1,0,0,0,0
848,1,1,0,0,0,1,0,0,0,0
849,1,1,0,0,0,1,0,0,0,0
850,1,0,0,0,0,1,0,0,0,0
851,1,0,0,0,0,1,0,0,0,0
852,1,0,0,0,0,1,0,0,0,0
853,1,0,0,0,0,1,0,0,0,0
854,1,0,0,0,0,1,0,0,0,0
855,1,0,0,0,0,1,0,0,0,0
856,1,0,0,0,0,1,0,0,0,0
857,1,0,0,0,0,1,0,0,0,0
858,1,0,0,0,0,1,0,0,0,0
859,1,0,0,0,0,1,0,0,0,0
860,1,0,0,0,0,1,0,0,0,0
861,1,0,0,0,0,1,0,0,0,0
862,1,0,0,0,0,1,0,0,0,0
863,1,0,0,0,0,1,0,0,0,0
864,1,0,0,0,0,1,0,0,0,0
865,1,0,0,0,0,1,0,0,0,0
866,1,0,0,0,0,1,0,0,0,0
867,1,0,0,0,0,1,0,0,0,0
868,1,0,0,0,0,1,0,0,0,0
869,1,0,0,0,0,1,0,0,0,0
870,1,0,0,0,0,1,0,0,0,0
871,1,0,0,0,0,1,0,0,0,0
872,1,0,0,0,0,1,0,0,0,0
873,0,0,0,0,0,0,0,0,0,0
874,0,0,0,0,0,0,0,0,0,0
875,0,0,0,0,0,0,0,0,0,0
876,0,0,0,0,0,0,0,0,0,1
877,0,0,0,0,0,1,0,0,0,0
878,0,0,0,0,0,1,0,0,0,0
879,0,0,0,0,0,1,0,0,0,0
880,0,0,0,0,0,0,0,0,0,0
881,0,0,0,0,0,0,0,0,0,0
882,0,0,0,0,0,0,0,0,0,0
883,0,0,0,0,0,0,0,0,0,0
884,0,0,0,0,0,0,0,0,0,0
885,0,0,0,0,0,0,0,0,0,0
886,0,0,0,0,0,0,0,0,0,0
887,0,0,0,0,0,0,0,0,0,0
888,0,1,0,0,0,0,0,0,0,0
889,0,1,0,0,0,0,0,0,0,0
890,0,1,0,0,0,0,0,0,0,0
891,0,0,0,0,0,0,0,0,0,0
892,0,1,0,0,0,0,0,0,0,0
893,0,1,0,0,0,0,0,0,0,0
894,0,1,0,0,0,0,0,0,0,0
895,0,1,0,0,0,0,0,0,0,0
896,0,1,0,0,0,0,0,0,0,0
897,0,1,0,0,0,0,0,0,0,0
898,0,0,0,0,0,0,0,0,0,0
899,0,0,0,0,0,0,0,0,0,0
900,0,0,0,0,0,0,0,0,0,0
901,0,0,0,0,0,0,0,0,0,0
902,0,0,0,0,0,0,0,0,0,0
903,0,0,0,0,0,0,0,0,0,0
904,0,0,0,0,0,0,0,0,0,0
905,0,0,0,0,0,0,0,0,0,0
906,0,0,0,0,0,0,0,0,0,0
907,0,0,0,0,0,0,0,0,0,0
908,0,0,0,0,0,0,0,0,0,0
909,0,0,0,0,0,0,0,0,0,0
910,0,0,0,0,0,0,0,0,0,0
911,0,0,0,0,0,0,0,0,0,0
912,0,0,0,0,0,0,0,0,0,0
913,0,1,0,0,0,0,0,0,0,0
914,0,1,0,0,0,0,0,0,0,0
915,0,1,0,0,0,0,0,0,0,0
916,0,1,0,0,0,0,0,0,0,0
917,0,1,0,0,0,0,0,0,0,0
918,0,1,0,0,0,0,0,0,0,0
919,0,1,0,0,0,0,0,0,0,0
920,0,1,0,0,0,0,0,0,0,0
921,0,1,0,0,0,0,0,0,0,0
922,0,1,0,0,0,0,0,0,0,0
923,0,1,0,0,0,0,0,0,0,0
924,0,1,0,0,0,0,0,0,0,0
925,0,1,0,0,0,0,0,0,0,0
926,0,1,0,0,0,0,0,0,0,0
927,0,1,0,0,0,0,0,0,0,0
928,0,1,0,0,0,0,0,0,0,0
929,0,1,0,0,0,0,0,0,0,1
930,0,1,0,0,0,0,0,0,0,0
931,1,1,0,0,0,0,0,0,0,0
932,1,1,0,0,0,0,0,0,0,0
933,1,1,0,0,0,0,0,0,0,0
934,1,1,0,0,0,0,0,0,0,0
935,1,0,0,0,0,0,0,0,0,0
936,0,0,0,0,0,0,0,0,0,0
937,1,0,0,0,0,0,0,0,0,0
938,1,0,0,0,0,0,0,0,0,0
939,1,0,0,0,0,0,0,0,0,0
940,1,0,0,0,0,0,0,0,0,0
941,1,0,0,0,0,0,0,0,0,0
942,1,0,0,0,0,0,0,0,0,0
943,1,1,0,0,0,0,0,0,0,0
944,1,1,0,0,0,0,0,0,0,0
945,1,1,0,0,0,0,0,0,0,0
946,1,1,0,0,0,0,0,0,0,0
947,1,1,0,0,0,0,0,0,0,0
948,1,1,0,0,0,0,0,0,0,0
949,1,1,0,0,0,0,0,0,0,0
950,1,1,0,0,0,0,0,0,0,0
951,1,1,0,0,0,0,0,0,0,0
952,1,1,0,0,0,0,0,0,0,0
953,1,1,0,0,0,0,0,0,0,0
954,1,1,0,0,0,0,0,0,0,0
955,1,1,0,0,0,0,0,0,0,0
956,1,1,0,0,0,0,0,0,0,0
957,1,1,0,0,0,0,0,0,0,0
958,1,1,0,0,0,0,0,0,0,0
959,1,1,0,0,0,0,0,0,0,0
960,1,1,0,0,0,0,0,0,0,0
961,1,1,0,0,0,0,0,0,0,0
962,1,1,0,0,0,0,0,0,0,0
963,1,1,0,0,0,0,0,0,0,0
964,1,1,0,0,0,0,0,0,0,0
965,1,1,0,0,0,0,0,0,0,0
966,1,1,1,0,0,0,0,0,0,0
967,1,1,1,0,0,0,0,0,0,0
968,1,1,1,0,0,0,0,0,0,0
969,1,1,1,0,0,0,0,0,0,0
970,1,1,1,0,0,0,0,0,0,0
971,1,0,1,0,0,0,0,0,0,0
972,1,1,1,0,0,0,0,0,0,0
973,1,0,1,0,0,0,0,0,0,0
974,1,0,1,0,0,0,0,0,0,0
975,1,0,1,0,0,0,0,0,0,0
976,0,0,1,0,0,0,0,0,0,0
977,0,0,1,0,0,0,0,0,0,0
978,0,0,1,0,0,0,0,0,0,0
979,0,1,0,0,0,0,0,0,0,0
980,0,1,1,0,0,0,0,0,0,0
981,0,1,1,0,0,0,0,0,0,0
982,0,0,1,0,0,0,0,0,0,0
983,0,0,1,0,0,0,0,0,0,0
984,0,0,1,0,0,0,0,0,0,0
985,0,0,1,0,0,0,0,0,0,0
986,0,0,1,0,0,0,0,0,0,0
987,0,0,1,0,0,0,0,0,0,0
988,0,0,1,0,0,0,0,0,0,0
989,0,0,1,0,0,0,0,0,0,0
990,0,0,1,0,0,0,0,0,0,0
991,0,0,1,0,0,0,0,0,0,0
992,0,0,1,0,0,0,0,0,0,0
993,0,0,1,0,0,0,0,0,0,0
994,0,0,1,0,0,0,0,0,0,0
995,0,0,1,0,0,0,0,0,0,0
996,0,0,1,0,0,0,0,0,0,0
997,0,0,1,0,0,0,0,0,0,0
998,0,0,1,0,0,0,0,0,0,0
999,0,0,1,0,0,0,0,0,0,0
1000,0,0,1,0,0,0,0,0,0,0
1001,0,0,1,0,0,0,0,0,0,0
1002,0,0,1,0,0,0,0,0,0,0
1003,0,0,1,0,0,0,0,0,0,0
1004,0,0,1,0,0,0,0,0,0,0
1005,0,0,1,0,0,0,0,0,0,0
1006,0,0,1,0,0,0,0,0,0,0
1007,0,0,1,0,0,0,0,0,0,0
1008,0,0,1,0,0,0,0,0,0,0
1009,0,0,1,0,0,0,0,0,0,0
1010,0,0,1,0,0,0,0,0,0,0
1011,0,0,1,0,0,0,0,0,0,0
1012,0,0,1,0,0,0,0,0,0,0
1013,0,0,1,0,0,0,0,0,0,0
1014,0,0,1,0,0,0,0,0,0,0
1015,0,0,1,0,0,0,0,0,0,0
1016,0,0,1,0,0,0,0,0,0,0
1017,0,0,1,0,0,0,0,0,0,0
1018,0,0,1,0,0,0,0,0,0,0
1019,0,0,1,0,0,0,0,0,0,0
1020,0,0,1,0,0,0,0,0,0,0
1021,0,0,1,0,0,0,0,0,0,0
1022,0,0,1,0,0,0,0,0,0,0
1023,0,0,1,0,0,0,0,0,0,0
1024,0,0,1,0,0,0,0,0,0,0
1025,0,0,1,0,0,0,0,0,0,0
1026,0,0,1,0,0,0,0,0,0,0
1027,0,0,1,0,0,0,0,0,0,0
1028,0,0,1,0,0,0,0,0,0,0
1029,0,0,1,0,0,0,0,0,0,0
1030,0,0,1,0,0,0,0,0,0,0
1031,0,0,1,0,0,0,0,0,0,0
1032,0,0,1,0,0,0,0,0,0,0
1033,0,0,1,0,0,0,0,0,0,0
1034,0,0,1,0,0,0,0,0,0,0
1035,0,0,1,0,0,0,0,0,0,0
1036,0,0,1,0,0,0,0,0,0,0
1037,0,0,1,0,0,0,0,0,0,0
1038,0,0,1,0,0,0,0,0,0,0
1039,0,0,1,0,0,0,0,0,0,0
1040,0,0,1,0,0,0,0,0,0,0
1041,0,0,1,0,0,0,0,0,0,0
1042,0,0,1,0,0,0,0,0,0,0
1043,0,0,1,0,0,0,0,0,0,0
1044,0,0,1,0,0,0,0,0,0,0
1045,0,0,1,0,0,0,0,0,0,0
1046,0,0,1,0,0,0,0,0,0,0
1047,0,0,1,0,0,0,0,0,0,0
1048,0,0,1,0,0,0,0,0,0,0
1049,0,0,1,0,0,0,0,0,0,0
1050,0,0,1,0,0,0,0,0,0,0
1051,0,0,1,0,0,0,0,0,0,0
1052,0,0,1,0,0,0,0,0,0,0
1053,0,0,1,0,0,0,0,0,0,0
1054,0,0,1,0,0,0,0,0,0,0
1055,0,0,1,0,0,0,0,0,0,0
1056,0,0,1,0,0,0,0,0,0,0
1057,0,0,1,0,0,0,0,0,0,0
1058,0,0,1,0,0,0,0,0,0,0
1059,0,0,1,0,0,0,0,0,0,0
1060,0,0,1,0,0,0,0,0,0,0
1061,0,0,1,0,0,0,0,0,0,0
1062,0,0,1,0,0,0,0,0,0,0
1063,0,0,1,0,0,0,0,0,0,0
1064,0,0,1,0,0,0,0,0,0,0
1065,0,0,1,0,0,0,0,0,0,0
1066,0,0,1,0,0,0,0,0,0,0
1067,0,0,1,0,0,0,0,0,0,0
1068,0,0,1,0,0,0,0,0,0,0
1069,0,0,1,0,0,0,0,0,0,0
1070,0,0,1,0,0,0,0,0,0,0
1071,0,0,1,0,0,0,0,0,0,0
1072,0,0,1,0,0,0,0,0,0,0
1073,0,0,1,0,0,0,0,0,0,0
1074,0,0,1,0,0,0,0,0,0,0
1075,0,0,1,0,0,0,0,0,0,0
1076,0,0,1,0,0,0,0,0,0,0
1077,0,0,1,0,0,0,0,0,0,0
1078,0,0,1,0,0,0,0,0,0,0
1079,0,0,1,0,0,0,0,0,0,0
1080,0,0,1,0,0,0,0,0,0,0
1081,0,0,1,0,0,0,0,0,0,0
1082,0,0,1,0,0,0,0,0,0,0
1083,0,0,1,0,0,0,0,0,0,0
1084,0,0,1,0,0,0,0,0,0,0
1085,0,0,1,0,0,0,0,0,0,0
1086,0,0,1,0,0,0,0,0,0,0
1087,0,0,1,0,0,0,0,0,0,0
1088,0,0,1,0,0,0,0,0,0,0
1089,0,0,1,0,0,0,0,0,0,0
1090,1,0,1,0,0,0,0,0,0,0
1091,0,0,1,0,0,0,0,0,0,0
1092,0,0,1,0,0,0,0,0,0,0
1093,0,0,1,0,0,0,0,0,0,0
1094,0,0,1,0,0,0,0,0,0,0
1095,0,0,1,0,0,0,0,0,0,0
1096,0,0,1,0,0,0,0,0,0,0
1097,0,0,1,0,0,0,0,0,0,0
1098,0,0,1,0,0,0,0,0,0,0
1099,0,0,1,0,0,0,0,0,0,0
1100,0,0,1,0,0,0,0,0,0,0
1101,0,0,1,0,0,0,0,0,0,0
1102,0,0,1,0,0,0,0,0,0,0
1103,0,0,1,0,0,0,0,0,0,0
1104,0,0,1,0,0,0,0,0,0,0
1105,0,0,1,0,0,0,0,0,0,0
1106,0,0,1,0,0,0,0,0,0,0
1107,0,0,1,0,0,0,0,0,0,0
1108,0,0,1,0,0,0,0,0,0,0
1109,0,0,1,0,0,0,0,0,0,0
1110,0,0,1,0,0,0,0,0,0,0
1111,0,0,1,0,0,0,0,0,0,0
1112,1,0,1,0,0,0,0,0,0,0
1113,1,0,1,0,0,0,0,0,0,0
1114,1,0,1,0,0,0,0,0,0,0
1115,0,0,0,0,0,0,0,0,0,0
1116,0,0,0,0,0,0,0,0,0,0
1117,0,0,0,0,0,0,0,0,0,0
1118,0,0,0,0,0,0,0,0,0,0
1119,0,0,0,0,0,0,0,0,0,0
1120,0,0,0,0,0,0,0,0,0,0
1121,0,0,0,0,0,0,0,0,0,0
1122,0,0,0,0,0,0,0,0,0,0
1123,0,0,0,0,0,0,0,0,0,0
1124,0,0,0,0,0,0,0,0,0,0
1125,0,0,0,0,0,0,0,0,0,0
1126,0,0,0,0,0,0,0,0,0,0
1127,0,0,0,0,0,0,0,0,0,0
1128,0,0,0,0,0,0,0,0,0,0
1129,0,0,0,0,0,0,0,0,0,0
1130,0,0,0,0,0,0,0,0,0,0
1131,0,0,0,0,0,0,0,0,0,0
1132,0,0,0,0,0,0,0,0,0,0
1133,0,0,0,0,0,0,0,0,0,0
1134,0,0,0,0,0,0,0,0,0,0
1135,0,0,0,0,0,0,0,0,0,0
1136,0,0,0,0,0,0,0,0,0,0
1137,0,0,0,0,0,0,0,0,0,0
1138,0,0,0,0,0,0,0,0,0,0
1139,0,0,0,0,0,0,0,0,0,0
1140,1,1,0,0,0,0,0,0,0,1
1141,1,1,1,0,0,0,0,0,0,0
1142,1,1,1,0,0,0,0,0,0,0
1143,1,1,1,0,0,0,0,0,0,0
1144,1,0,1,0,0,0,0,0,0,0
1145,1,0,1,0,0,0,0,0,0,0
1146,1,0,1,0,0,0,0,0,0,0
1147,0,0,1,0,0,0,0,0,0,0
1148,0,0,1,0,0,0,0,0,0,0
1149,0,0,1,0,0,0,0,0,0,0
1150,0,0,1,0,0,0,0,0,0,0
1151,0,0,1,0,0,0,0,0,0,0
1152,0,0,1,0,0,0,0,0,0,0
1153,0,0,1,0,0,0,0,0,0,0
1154,0,0,1,0,0,0,0,0,0,0
1155,0,0,1,0,0,0,0,0,0,0
1156,0,0,1,0,0,0,0,0,0,0
1157,0,0,1,0,0,0,0,0,0,0
1158,0,0,1,0,0,0,0,0,0,0
1159,0,0,1,0,0,0,0,0,0,0
1160,0,0,1,0,0,0,0,0,0,0
1161,0,0,1,0,0,0,0,0,0,0
1162,0,0,1,0,0,0,0,0,0,0
1163,0,0,1,0,0,0,0,0,0,0
1164,0,0,1,0,0,0,0,0,0,0
1165,0,0,1,0,0,0,0,0,0,0
1166,0,0,1,0,0,0,0,0,0,0
1167,0,0,1,0,0,0,0,0,0,0
1168,0,0,1,0,0,0,0,0,0,0
1169,0,0,1,0,0,0,0,0,0,0
1170,0,0,1,0,0,0,0,0,0,0
1171,1,0,1,0,0,0,0,0,0,0
1172,1,0,1,0,0,0,0,0,0,0
1173,1,1,1,0,0,0,0,0,0,0
1174,1,1,1,0,0,0,0,0,0,0
1175,1,1,1,0,0,0,0,0,0,0
1176,1,1,1,0,0,0,0,0,0,0
1177,1,1,1,0,0,0,0,0,0,0
1178,1,1,1,0,0,0,0,0,0,0
1179,1,0,1,0,0,0,0,0,0,0
1180,0,1,1,0,0,0,0,0,0,0
1181,0,1,1,0,0,0,0,0,0,0
1182,0,1,1,0,0,0,0,0,0,0
1183,0,1,1,0,0,0,0,0,0,0
1184,0,1,1,0,0,0,0,0,0,0
1185,0,1,1,0,0,0,0,0,0,0
1186,0,1,1,0,0,0,0,0,0,0
1187,0,1,1,0,0,0,0,0,0,0
1188,0,1,1,0,0,0,0,0,0,0
1189,0,1,1,0,0,0,0,0,0,0
1190,0,1,1,0,0,0,0,0,0,0
1191,0,1,1,0,0,0,0,0,0,0
1192,0,1,1,0,0,0,0,0,0,0
1193,0,1,1,0,0,0,0,0,0,0
1194,0,1,1,0,0,0,0,0,0,0
1195,0,1,1,0,0,0,0,0,0,0
1196,0,1,1,0,0,0,0,0,0,0
1197,0,1,1,0,0,0,0,0,0,0
1198,0,1,1,0,0,0,0,0,0,0
1199,0,1,1,0,0,0,0,0,0,0
1200,0,1,1,0,0,0,0,0,0,0
1201,0,1,1,0,0,0,0,0,0,0
1202,0,1,1,0,0,0,0,0,0,0
1203,0,0,1,0,0,0,0,0,0,0
1204,0,0,1,0,0,0,0,0,0,0
1205,0,0,1,0,0,0,0,0,0,0
1206,0,0,1,0,0,0,0,0,0,0
1207,0,0,1,0,0,0,0,0,0,0
1208,0,0,1,0,0,0,0,0,0,0
1209,0,0,1,0,0,0,0,0,0,0
1210,0,0,1,0,0,0,0,0,0,0
1211,0,0,1,0,0,0,0,0,0,0
1212,0,0,1,0,0,0,0,0,0,0
1213,0,0,1,0,0,0,0,0,0,0
1214,0,0,1,0,0,0,0,0,0,0
1215,0,0,1,0,0,0,0,0,0,0
1216,0,0,1,0,0,0,0,0,0,0
1217,0,0,1,0,0,0,0,0,0,0
1218,0,0,1,0,0,0,0,0,0,0
1219,0,0,1,0,0,0,0,0,0,0
1220,0,1,1,0,0,0,0,0,0,0
1221,0,1,1,0,0,0,0,0,0,0
1222,0,1,1,0,0,0,0,0,0,0
1223,0,1,1,0,0,0,0,0,0,0
1224,0,1,1,0,0,0,0,0,0,0
1225,0,1,1,0,0,0,0,0,0,0
1226,0,1,1,0,0,0,0,0,0,0
1227,0,1,1,0,0,0,0,0,0,0
1228,0,1,1,0,0,0,0,0,0,0
1229,0,1,1,0,0,0,0,0,0,0
1230,0,1,1,0,0,0,0,0,0,0
1231,0,1,1,0,0,0,0,0,0,0
1232,0,1,1,0,0,0,0,0,0,0
1233,0,1,1,0,0,0,0,0,0,0
1234,0,1,1,0,0,0,0,0,0,0
1235,0,1,1,0,0,0,0,0,0,0
1236,0,1,1,0,0,0,0,0,0,0
1237,0,1,1,0,0,0,0,0,0,0
1238,0,1,1,0,0,0,0,0,0,0
1239,0,1,1,0,0,0,0,0,0,0
1240,0,0,1,0,0,0,0,0,0,0
1241,0,1,1,0,0,0,0,0,0,0
1242,0,0,1,0,0,0,0,0,0,1
1243,0,0,0,0,0,0,0,0,0,0
1244,1,0,1,0,0,0,0,0,0,0
1245,1,0,1,0,0,0,0,0,0,0
1246,1,0,1,0,0,0,0,0,0,0
1247,1,1,1,0,0,0,0,0,0,0
1248,1,0,1,0,0,0,0,0,0,0
1249,1,1,1,0,0,0,0,0,0,0
1250,0,1,1,0,0,0,0,0,0,0
1251,0,1,1,0,0,0,0,0,0,0
1252,0,1,1,0,0,0,0,0,0,0
1253,1,1,1,0,0,0,0,0,0,0
1254,1,1,1,0,0,0,0,0,0,0
1255,1,1,1,0,0,0,0,0,0,0
1256,0,1,1,0,0,0,0,0,0,0
1257,0,1,1,0,0,0,0,0,0,0
1258,0,1,1,0,0,0,0,0,0,0
1259,0,1,1,0,0,0,0,0,0,0
1260,0,1,1,0,0,0,0,0,0,0
1261,0,1,1,0,0,0,0,0,0,0
1262,0,1,1,0,0,0,0,0,0,0
1263,0,1,1,0,0,0,0,0,0,0
1264,0,1,1,0,0,0,0,0,0,0
1265,0,1,1,0,0,0,0,0,0,0
1266,1,0,1,0,0,0,0,0,0,0
1267,1,0,1,0,0,0,0,0,0,0
1268,1,0,1,0,0,0,0,0,0,0
1269,1,0,1,0,0,0,0,0,0,0
1270,1,0,1,0,0,0,0,0,0,0
1271,1,0,1,0,0,0,0,0,0,0
1272,1,1,1,0,0,0,0,0,0,0
1273,1,1,1,0,0,0,0,0,0,0
1274,1,0,1,0,0,0,0,0,0,0
1275,0,0,1,0,0,0,0,0,0,0
1276,0,0,1,0,0,0,0,0,0,0
1277,0,0,1,0,0,0,0,0,0,0
1278,0,0,1,0,0,0,0,0,0,0
1279,0,0,1,0,0,0,0,0,0,0
1280,0,0,1,0,0,0,0,0,0,0
1281,0,0,1,0,0,0,0,0,0,0
1282,0,0,1,0,0,0,0,0,0,0
1283,0,0,1,0,0,0,0,0,0,0
1284,0,0,1,0,0,0,0,0,0,0
1285,0,0,1,0,0,0,0,0,0,0
1286,0,0,1,0,0,0,0,0,0,0
1287,0,0,1,0,0,0,0,0,0,0
1288,0,0,1,0,0,0,0,0,0,0
1289,0,0,1,0,0,0,0,0,0,0
1290,0,0,1,0,0,0,0,0,0,0
1291,0,0,1,0,0,0,0,0,0,0
1292,0,0,1,0,0,0,0,0,0,0
1293,0,0,1,0,0,0,0,0,0,0
1294,0,0,1,0,0,0,0,0,0,0
1295,0,0,1,0,0,0,0,0,0,0
1296,0,0,1,0,0,0,0,0,0,0
1297,0,0,1,0,0,0,0,0,0,0
1298,0,0,1,0,0,0,0,0,0,0
1299,0,0,1,0,0,0,0,0,0,0
1300,0,0,1,0,0,0,0,0,0,0
1301,0,0,1,0,0,0,0,0,0,0
1302,0,0,1,0,0,0,0,0,0,0
1303,0,0,1,0,0,0,0,0,0,1
1304,1,0,1,0,0,0,0,0,0,0
1305,1,0,1,0,0,0,0,0,0,0
1306,1,0,1,0,0,0,0,0,0,0
1307,1,0,1,0,0,0,0,0,0,0
1308,0,0,1,0,0,0,0,0,0,0
1309,0,0,1,0,0,0,0,0,0,0
1310,0,0,1,0,0,0,0,0,0,0
1311,0,0,1,0,0,0,0,0,0,0
1312,0,0,1,0,0,0,0,0,0,0
1313,0,0,1,0,0,0,0,0,0,0
1314,0,0,1,0,0,0,0,0,0,0
1315,0,0,1,0,0,0,0,0,0,0
1316,0,0,1,0,0,0,0,0,0,0
1317,0,0,1,0,0,0,0,0,0,0
1318,0,0,1,0,0,0,0,0,0,0
1319,0,0,1,0,0,0,0,0,0,0
1320,0,0,1,0,0,0,0,0,0,0
1321,0,0,1,0,0,0,0,0,0,0
1322,0,0,1,0,0,0,0,0,0,0
1323,0,0,1,0,0,0,0,0,0,0
1324,0,0,1,0,0,0,0,0,0,0
1325,0,0,1,0,0,0,0,0,0,0
1326,0,0,1,0,0,0,0,0,0,0
1327,0,0,1,0,0,0,0,0,0,0
1328,0,0,1,0,0,0,0,0,0,0
1329,0,0,1,0,0,0,0,0,0,0
1330,0,0,1,0,0,0,0,0,0,0
1331,0,0,1,0,0,0,0,0,0,0
1332,0,0,1,0,0,0,0,0,0,0
1333,0,0,1,0,0,0,0,0,0,0
1334,0,0,1,0,0,0,0,0,0,0
1335,0,0,1,0,0,0,0,0,0,0
1336,0,0,1,0,0,0,0,0,0,0
1337,0,0,1,0,0,0,0,0,0,0
1338,0,0,1,0,0,0,0,0,0,0
1339,0,0,1,0,0,0,0,0,0,0
1340,0,0,1,0,0,0,0,0,0,0
1341,0,0,1,0,0,0,0,0,0,0
1342,0,0,1,0,0,0,0,0,0,0
1343,0,0,1,0,0,0,0,0,0,0
1344,0,0,1,0,0,0,0,0,0,0
1345,0,0,1,0,0,0,0,0,0,0
1346,0,0,1,0,0,0,0,0,0,0
1347,1,0,0,0,0,0,0,0,0,1
1348,1,0,0,0,0,0,0,0,0,1
1349,1,1,0,0,0,0,0,0,0,1
1350,1,1,0,0,0,0,0,0,0,0
1351,1,1,0,0,0,0,0,0,0,0
1352,1,0,1,0,0,0,0,0,0,0
1353,0,0,1,0,0,0,0,0,0,0
1354,0,0,1,0,0,0,0,0,0,0
1355,0,1,1,0,0,0,0,0,0,0
1356,1,0,1,0,0,0,0,0,0,0
1357,1,0,1,0,0,0,0,0,0,0
1358,1,0,1,0,0,0,0,0,0,0
1359,1,1,1,0,0,0,0,0,0,0
1360,1,1,1,0,0,0,0,0,0,0
1361,1,1,1,0,0,0,0,0,0,0
1362,1,1,1,0,0,0,0,0,0,0
1363,1,1,1,0,0,0,0,0,0,0
1364,1,1,1,0,0,0,0,0,0,0
1365,1,1,1,0,0,0,0,0,0,0
1366,1,1,1,0,0,0,0,0,0,0
1367,1,1,1,0,0,0,0,0,0,0
1368,1,1,1,0,0,0,0,0,0,0
1369,1,1,1,0,0,0,0,0,0,0
1370,0,1,1,0,0,0,0,0,0,0
1371,0,1,1,0,0,0,0,0,0,0
1372,1,1,1,0,0,0,0,0,0,0
1373,1,1,1,0,0,0,0,0,0,0
1374,1,1,1,0,0,0,0,0,0,0
1375,1,1,1,0,0,0,0,0,0,0
1376,1,1,1,0,0,0,0,0,0,0
1377,1,1,1,0,0,0,0,0,0,0
1378,1,1,1,0,0,0,0,0,0,0
1379,0,1,1,0,0,0,0,0,0,0
1380,1,0,1,0,0,0,0,0,0,0
1381,0,1,1,0,0,0,0,0,0,0
1382,0,1,1,0,0,0,0,0,0,0
1383,0,1,1,0,0,0,0,0,0,0
1384,0,1,1,0,0,0,0,0,0,0
1385,0,1,1,0,0,0,0,0,0,0
1386,0,1,1,0,0,0,0,0,0,0
1387,0,1,1,0,0,0,0,0,0,0
1388,0,1,1,0,0,0,0,0,0,0
1389,0,1,1,0,0,0,0,0,0,0
1390,0,1,1,0,0,0,0,0,0,0
1391,0,1,1,0,0,0,0,0,0,0
1392,0,1,1,0,0,0,0,0,0,0
1393,0,1,1,0,0,0,0,0,0,0
1394,0,1,1,0,0,0,0,0,0,0
1395,0,1,1,0,0,0,0,0,0,0
1396,0,1,1,0,0,0,0,0,0,0
1397,0,1,1,0,0,0,0,0,0,0
1398,0,1,1,0,0,0,0,0,0,0
1399,0,1,1,0,0,0,0,0,0,0
1400,0,1,1,0,0,0,0,0,0,0
1401,0,1,1,0,0,0,0,0,0,0
1402,0,1,1,0,0,0,0,0,0,0
1403,0,1,1,0,0,0,0,0,0,0
1404,0,1,1,0,0,0,0,0,0,0
1405,0,1,1,0,0,0,0,0,0,0
1406,0,1,1,0,0,0,0,0,0,0
1407,0,1,1,0,0,0,0,0,0,0
1408,0,1,1,0,0,0,0,0,0,0
1409,0,1,1,0,0,0,0,0,0,0
1410,0,1,1,0,0,0,0,0,0,0
1411,0,1,1,0,0,0,0,0,0,0
1412,0,1,1,0,0,0,0,0,0,0
1413,0,1,1,0,0,0,0,0,0,0
1414,0,1,1,0,0,0,0,0,0,0
1415,0,1,1,0,0,0,0,0,0,0
1416,0,1,1,0,0,0,0,0,0,0
1417,0,1,1,0,0,0,0,0,0,0
1418,0,1,1,0,0,0,0,0,0,0
1419,0,1,1,0,0,0,0,0,0,0
1420,0,1,1,0,0,0,0,0,0,0
1421,0,1,1,0,0,0,0,0,0,0
1422,0,1,1,0,0,0,0,0,0,0
1423,0,1,1,0,0,0,0,0,0,0
1424,0,1,1,0,0,0,0,0,0,0
1425,0,1,1,0,0,0,0,0,0,0
1426,0,1,1,0,0,0,0,0,0,0
1427,0,0,1,0,0,0,0,0,0,0
1428,0,1,1,0,0,0,0,0,0,0
1429,0,1,1,0,0,0,0,0,0,0
1430,0,1,1,0,0,0,0,0,0,0
1431,0,1,1,0,0,0,0,0,0,0
1432,0,1,1,0,0,0,0,0,0,0
1433,0,1,1,0,0,0,0,0,0,0
1434,0,1,1,0,0,0,0,0,0,0
1435,0,0,1,0,0,0,0,0,0,0
1436,0,1,1,0,0,0,0,0,0,0
1437,0,1,1,0,0,0,0,0,0,0
1438,0,0,1,0,0,0,0,0,0,0
1439,0,1,1,0,0,0,0,0,0,0
1440,0,0,1,0,0,0,0,0,0,0
1441,0,0,1,0,0,0,0,0,0,0
1442,0,0,1,0,0,0,0,0,0,0
1443,0,0,1,0,0,0,0,0,0,0
1444,0,1,1,0,0,0,0,0,0,0
1445,0,1,1,0,0,0,0,0,0,0
1446,0,1,1,0,0,0,0,0,0,0
1447,0,1,1,0,0,0,0,0,0,0
1448,0,1,1,0,0,0,0,0,0,0
1449,0,1,1,0,0,0,0,0,0,0
1450,0,0,1,0,0,0,0,0,0,0
1451,0,1,1,0,0,0,0,0,0,0
1452,0,1,1,0,0,0,0,0,0,0
1453,0,1,1,0,0,0,0,0,0,0
1454,0,0,1,0,0,0,0,0,0,0
1455,0,1,1,0,0,0,0,0,0,0
1456,0,1,1,0,0,0,0,0,0,0
1457,0,1,1,0,0,0,0,0,0,0
1458,0,1,1,0,0,0,0,0,0,0
1459,0,1,1,0,0,0,0,0,0,0
1460,0,1,1,0,0,0,0,0,0,0
1461,0,1,1,0,0,0,0,0,0,0
1462,0,1,1,0,0,0,0,0,0,0
1463,0,1,1,0,0,0,0,0,0,0
1464,0,1,1,0,0,0,0,0,0,0
1465,0,1,1,0,0,0,0,0,0,0
1466,0,1,1,0,0,0,0,0,0,0
1467,0,1,1,0,0,0,0,0,0,0
1468,0,1,1,0,0,0,0,0,0,0
1469,0,1,1,0,0,0,0,0,0,0
1470,0,1,1,0,0,0,0,0,0,0
1471,0,1,1,0,0,0,0,0,0,0
1472,0,1,1,0,0,0,0,0,0,0
1473,0,1,1,0,0,0,0,0,0,0
1474,0,0,1,0,0,0,0,0,0,0
1475,0,1,1,0,0,0,0,0,0,0
1476,0,1,1,0,0,0,0,0,0,0
1477,0,1,1,0,0,0,0,0,0,0
1478,0,1,1,0,0,0,0,0,0,0
1479,0,1,1,0,0,0,0,0,0,0
1480,0,1,1,0,0,0,0,0,0,0
1481,0,1,1,0,0,0,0,0,0,0
1482,0,1,1,0,0,0,0,0,0,0
1483,0,1,1,0,0,0,0,0,0,0
1484,0,1,1,0,0,0,0,0,0,0
1485,0,1,1,0,0,0,0,0,0,0
1486,0,1,1,0,0,0,0,0,0,0
1487,0,1,1,0,0,0,0,0,0,0
1488,0,1,1,0,0,0,0,0,0,0
1489,0,1,1,0,0,0,0,0,0,0
1490,0,1,1,0,0,0,0,0,0,0
1491,0,1,1,0,0,0,0,0,0,0
1492,0,1,1,0,0,0,0,0,0,0
1493,0,1,1,0,0,0,0,0,0,0
1494,0,1,1,0,0,0,0,0,0,0
1495,0,1,1,0,0,0,0,0,0,0
1496,0,1,1,0,0,0,0,0,0,0
1497,0,1,1,0,0,0,0,0,0,0
1498,0,1,1,0,0,0,0,0,0,0
1499,0,1,1,0,0,0,0,0,0,0
1500,0,1,1,0,0,0,0,0,0,0
1501,1,1,1,0,0,0,0,0,0,0
1502,1,1,0,0,0,0,0,0,0,0
1503,1,1,0,0,0,0,0,0,0,0
1504,1,1,0,0,0,0,0,0,0,0
1505,0,1,1,0,0,0,0,0,0,0
1506,0,1,1,0,0,0,0,0,0,0
1507,1,1,1,0,0,0,0,0,0,0
1508,0,1,1,0,0,0,0,0,0,0
1509,0,1,1,0,0,0,0,0,0,0
1510,0,1,1,0,0,0,0,0,0,0
1511,0,1,1,0,0,0,0,0,0,0
1512,0,1,1,0,0,0,0,0,0,0
1513,0,1,1,0,0,0,0,0,0,0
1514,0,1,1,0,0,0,0,0,0,0
1515,0,1,1,0,0,0,0,0,0,0
1516,0,1,1,0,0,0,0,0,0,0
1517,0,1,1,0,0,0,0,0,0,0
1518,0,1,1,0,0,0,0,0,0,0
1519,0,1,1,0,0,0,0,0,0,0
1520,0,0,1,0,0,0,0,0,0,0
1521,0,0,1,0,0,0,0,0,0,0
1522,0,0,1,0,0,0,0,0,0,0
1523,0,0,1,0,0,0,0,0,0,0
1524,0,0,1,0,0,0,0,0,0,0
1525,0,0,1,0,0,0,0,0,0,0
1526,0,0,1,0,0,0,0,0,0,0
1527,0,0,1,0,0,0,0,0,0,0
1528,0,0,1,0,0,0,0,0,0,0
1529,0,0,1,0,0,0,0,0,0,0
1530,0,0,1,0,0,0,0,0,0,0
1531,0,0,1,0,0,0,0,0,0,0
1532,0,0,1,0,0,0,0,0,0,0
1533,0,0,1,0,0,0,0,0,0,0
1534,0,0,1,0,0,0,0,0,0,0
1535,0,0,1,0,0,0,0,0,0,0
1536,0,0,1,0,0,0,0,0,0,0
1537,0,0,1,0,0,0,0,0,0,0
1538,0,0,1,0,0,0,0,0,0,0
1539,0,0,1,0,0,0,0,0,0,0
1540,0,0,1,0,0,0,0,0,0,0
1541,0,0,1,0,0,0,0,0,0,0
1542,0,0,1,0,0,0,0,0,0,0
1543,0,0,1,0,0,0,0,0,0,0
1544,0,0,1,0,0,0,0,0,0,0
1545,0,0,1,0,0,0,0,0,0,0
1546,0,0,1,0,0,0,0,0,0,0
1547,0,0,1,0,0,0,0,0,0,0
1548,0,0,1,0,0,0,0,0,0,0
1549,0,0,1,0,0,0,0,0,0,0
1550,0,0,1,0,0,0,0,0,0,0
1551,0,0,1,0,0,0,0,0,0,0
1552,0,0,1,0,0,0,0,0,0,0
1553,0,0,1,0,0,0,0,0,0,0
1554,0,0,1,0,0,0,0,0,0,0
1555,0,0,1,0,0,0,0,0,0,0
1556,0,0,1,0,0,0,0,0,0,0
1557,0,0,1,0,0,0,0,0,0,0
1558,0,0,1,0,0,0,0,0,0,0
1559,0,0,1,0,0,0,0,0,0,0
1560,0,0,1,0,0,0,0,0,0,0
1561,0,0,1,0,0,0,0,0,0,0
1562,0,0,1,0,0,0,0,0,0,0
1563,0,0,1,0,0,0,0,0,0,0
1564,0,0,1,0,0,0,0,0,0,0
1565,0,0,1,0,0,0,0,0,0,0
1566,0,0,1,0,0,0,0,0,0,0
1567,0,0,1,0,0,0,0,0,0,0
1568,0,0,1,0,0,0,0,0,0,0
1569,0,0,1,0,0,0,0,0,0,0
1570,0,0,1,0,0,0,0,0,0,0
1571,0,0,1,0,0,0,0,0,0,0
1572,0,0,1,0,0,0,0,0,0,0
1573,0,0,1,0,0,0,0,0,0,0
1574,0,0,1,0,0,0,0,0,0,0
1575,0,0,1,0,0,0,0,0,0,0
1576,0,0,1,0,0,0,0,0,0,0
1577,0,0,1,0,0,0,0,0,0,0
1578,0,0,1,0,0,0,0,0,0,0
1579,0,0,1,0,0,0,0,0,0,0
1580,0,0,1,0,0,0,0,0,0,0
1581,0,0,1,0,0,0,0,0,0,0
1582,0,0,1,0,0,0,0,0,0,0
1583,0,0,1,0,0,0,0,0,0,0
1584,0,0,1,0,0,0,0,0,0,0
1585,0,0,1,0,0,0,0,0,0,0
1586,0,0,1,0,0,0,0,0,0,0
1587,0,0,1,0,0,0,0,0,0,0
1588,0,0,1,0,0,0,0,0,0,0
1589,0,0,1,0,0,0,0,0,0,0
1590,0,0,1,0,0,0,0,0,0,0
1591,0,0,1,0,0,0,0,0,0,0
1592,0,0,1,0,0,0,0,0,0,0
1593,0,0,1,0,0,0,0,0,0,0
1594,0,0,1,0,0,0,0,0,0,0
1595,0,0,1,0,0,0,0,0,0,0
1596,0,0,1,0,0,0,0,0,0,0
1597,0,0,1,0,0,0,0,0,0,0
1598,0,0,1,0,0,0,0,0,0,0
1599,0,0,1,0,0,0,0,0,0,0
1600,0,0,1,0,0,0,0,0,0,0
1601,0,0,1,0,0,0,0,0,0,0
1602,0,0,1,0,0,0,0,0,0,0
1603,0,0,1,0,0,0,0,0,0,0
1604,0,0,1,0,0,0,0,0,0,0
1605,0,1,1,0,0,0,0,0,0,0
1606,0,1,0,0,0,0,0,0,0,0
1607,0,1,1,0,0,0,0,0,0,0
1608,0,1,0,0,0,0,0,0,0,0
1609,1,1,1,0,0,0,0,0,0,0
1610,1,1,1,0,0,0,0,0,0,0
1611,1,1,1,0,0,0,0,0,0,0
1612,1,1,1,0,0,0,0,0,0,0
1613,1,1,1,0,0,0,0,0,0,0
1614,1,1,1,0,0,0,0,0,0,0
1615,0,1,1,0,0,0,0,0,0,0
1616,0,1,1,0,0,0,0,0,0,0
1617,0,1,1,0,0,0,0,0,0,0
1618,0,1,1,0,0,0,0,0,0,0
1619,0,1,1,0,0,0,0,0,0,0
1620,0,1,1,0,0,0,0,0,0,0
1621,0,1,1,0,0,0,0,0,0,0
1622,0,1,1,0,0,0,0,0,0,0
1623,0,1,1,0,0,0,0,0,0,0
1624,0,1,1,0,0,0,0,0,0,0
1625,0,1,1,0,0,0,0,0,0,0
1626,0,1,1,0,0,0,0,0,0,0
1627,0,1,1,0,0,0,0,0,0,0
1628,0,1,1,0,0,0,0,0,0,0
1629,0,1,1,0,0,0,0,0,0,0
1630,0,1,1,0,0,0,0,0,0,0
1631,0,1,1,0,0,0,0,0,0,0
1632,0,1,0,0,0,0,0,0,0,1
1633,0,1,0,0,0,0,0,0,0,1
1634,0,1,0,0,0,0,0,0,0,1
1635,0,1,0,0,0,0,0,0,0,1
1636,0,1,0,0,0,0,0,0,1,1
1637,0,1,0,0,0,0,0,0,0,1
1638,0,1,0,0,0,0,0,0,0,1
1639,0,1,0,0,0,0,0,0,0,1
1640,0,1,0,0,0,0,0,0,0,1
1641,0,1,0,0,0,0,0,0,0,1
1642,0,1,0,0,0,0,0,0,0,1
1643,0,1,0,0,0,0,0,0,0,1
1644,0,1,0,0,0,0,0,0,0,1
1645,0,1,0,0,0,0,0,0,0,1
1646,0,1,0,0,0,0,0,0,0,1
1647,0,1,0,0,0,0,0,0,0,1
1648,0,0,0,0,0,0,0,0,0,1
1649,0,0,0,0,0,0,0,0,0,1
1650,0,0,0,0,0,0,0,0,0,1
1651,0,0,0,0,0,0,0,0,0,1
1652,0,0,0,0,0,0,0,0,0,1
1653,0,0,0,0,0,0,0,0,0,1
1654,0,0,0,0,0,0,0,0,0,1
1655,0,0,0,0,0,0,0,0,0,1
1656,0,0,0,0,0,0,0,0,0,1
1657,0,1,0,0,0,0,0,0,0,1
1658,0,1,0,0,0,0,0,0,0,1
1659,0,1,0,0,0,0,0,0,0,0
1660,0,1,0,0,0,0,0,0,0,0
1661,0,1,0,0,0,0,0,0,0,0
1662,0,1,0,0,0,0,0,0,0,1
1663,0,1,0,0,0,0,0,0,0,1
1664,0,1,0,0,0,0,0,0,0,1
1665,0,1,0,0,0,0,0,0,0,1
1666,0,1,0,0,0,0,0,0,0,1
1667,0,1,0,0,0,0,0,0,0,1
1668,0,1,0,0,0,0,0,0,0,1
1669,0,1,0,0,0,0,0,0,0,1
1670,0,1,0,0,0,0,0,0,0,1
1671,0,1,0,0,0,0,0,0,0,1
1672,0,0,0,0,0,0,0,0,0,1
1673,0,0,0,0,0,0,0,0,0,1
1674,0,1,0,0,0,0,0,0,0,0
1675,0,1,0,0,0,0,0,0,0,1
1676,0,1,0,0,0,0,0,0,0,1
1677,0,1,0,1,0,0,0,0,0,0
1678,0,0,0,1,0,0,0,0,0,0
1679,0,0,0,1,0,0,0,0,0,0
1680,0,1,0,1,0,0,0,0,0,0
1681,0,1,0,1,0,0,0,0,0,0
1682,0,1,0,1,0,0,0,0,0,0
1683,0,1,0,1,0,0,0,0,0,0
1684,0,1,0,1,0,0,0,0,0,0
1685,0,1,0,1,0,0,0,0,0,0
1686,0,1,0,1,0,0,0,0,0,0
1687,0,1,0,1,0,0,0,0,0,0
1688,0,1,0,1,0,0,0,0,0,0
1689,0,1,0,1,0,0,0,0,0,0
1690,0,1,0,1,0,0,0,0,0,0
1691,0,1,0,1,0,0,0,0,0,0
1692,0,1,0,1,0,0,0,0,0,0
1693,0,1,0,1,0,0,0,0,0,0
1694,0,1,0,1,0,0,0,0,0,0
1695,0,1,0,1,0,0,0,0,0,0
1696,0,1,0,1,0,0,0,0,0,0
1697,0,1,0,1,0,0,0,0,0,0
1698,0,1,0,1,0,0,0,0,0,0
1699,0,1,0,1,0,0,0,0,0,0
1700,0,1,0,1,0,0,0,0,0,0
1701,0,1,0,1,0,0,0,0,0,0
1702,0,1,0,1,0,0,0,0,0,0
1703,0,1,0,1,0,0,0,0,0,0
1704,0,1,0,1,0,0,0,0,0,0
1705,0,1,0,1,0,0,0,0,0,0
1706,0,1,0,1,0,0,0,0,0,0
1707,0,1,0,1,0,0,0,0,0,0
1708,0,1,0,1,0,0,0,0,0,0
1709,0,1,0,1,0,0,0,0,0,0
1710,0,1,0,1,0,0,0,0,0,0
1711,0,1,0,1,0,0,0,0,0,0
1712,0,1,0,1,0,0,0,0,0,0
1713,0,1,0,1,0,0,0,0,0,0
1714,0,1,0,1,0,0,0,0,0,0
1715,0,1,0,1,0,0,0,0,0,0
1716,0,1,0,1,0,0,0,0,0,0
1717,0,1,0,1,0,0,0,0,0,0
1718,0,1,0,1,0,0,0,0,0,0
1719,0,1,0,1,0,0,0,0,0,0
1720,0,1,0,1,0,0,0,0,0,0
1721,0,1,0,1,0,0,0,0,0,0
1722,0,1,0,1,0,0,0,0,0,0
1723,0,1,0,1,0,0,0,0,0,0
1724,0,1,0,1,0,0,0,0,0,0
1725,0,1,0,1,0,0,0,0,0,0
1726,0,1,0,1,0,0,0,0,0,0
1727,0,1,0,1,0,0,0,0,0,0
1728,0,1,0,1,0,0,0,0,0,0
1729,0,1,0,1,0,0,0,0,0,0
1730,0,1,0,1,0,0,0,0,0,0
1731,0,1,0,1,0,0,0,0,0,0
1732,0,1,0,1,0,0,0,0,0,0
1733,0,1,0,1,0,0,0,0,0,0
1734,0,1,0,1,0,0,0,0,0,0
1735,0,1,0,1,0,0,0,0,0,0
1736,0,1,0,1,0,0,0,0,0,0
1737,0,1,0,1,0,0,0,0,0,0
1738,0,1,0,1,0,0,0,0,0,0
1739,0,1,0,1,0,0,0,0,0,0
1740,0,1,0,1,0,0,0,0,0,0
1741,0,1,0,1,0,0,0,0,0,0
1742,0,1,0,1,0,0,0,0,0,0
1743,0,1,0,1,0,0,0,0,0,0
1744,0,1,0,1,0,0,0,0,0,0
1745,0,1,0,1,0,0,0,0,0,0
1746,0,1,0,1,0,0,0,0,0,0
1747,0,1,0,1,0,0,0,0,0,0
1748,0,1,0,1,0,0,0,0,0,0
1749,0,1,0,1,0,0,0,0,0,0
1750,0,1,0,1,0,0,0,0,0,0
1751,0,0,0,1,0,0,0,0,0,0
1752,0,1,0,1,0,0,0,0,0,0
1753,0,1,0,1,0,0,0,0,0,0
1754,0,1,0,1,0,0,0,0,0,0
1755,0,1,0,1,0,0,0,0,0,0
1756,0,1,0,1,0,0,0,0,0,0
1757,0,1,0,1,0,0,0,0,0,0
1758,0,1,0,1,0,0,0,0,0,0
1759,0,1,0,1,0,0,0,0,0,0
1760,0,1,0,1,0,0,0,0,0,0
1761,0,0,0,1,0,0,0,0,0,0
1762,0,1,0,1,0,0,0,0,0,0
1763,0,0,0,0,0,0,0,0,0,0
1764,0,0,0,0,0,0,0,0,0,0
1765,0,0,0,0,0,0,0,0,1,0
1766,0,0,0,0,0,0,0,0,0,0
1767,0,0,0,0,0,0,0,0,0,0
1768,0,0,0,0,0,0,0,0,0,0
1769,0,0,0,0,0,0,0,0,0,0
1770,0,0,0,0,0,0,0,0,0,0
1771,0,0,0,0,0,0,0,0,0,0
1772,0,0,0,0,0,0,0,0,0,0
1773,0,0,0,0,0,0,0,0,0,0
1774,0,0,0,0,0,0,0,0,0,0
1775,0,0,0,0,0,0,0,0,0,0
1776,0,0,0,0,0,0,0,0,0,0
1777,0,0,0,0,0,0,0,0,0,0
1778,0,0,0,0,0,0,0,0,0,0
1779,0,0,0,0,0,0,0,0,0,0
1780,0,0,0,0,0,0,0,0,0,0
1781,0,0,0,0,0,0,0,0,0,0
1782,0,0,0,0,0,0,0,0,0,0
1783,0,0,0,0,0,0,0,0,0,0
1784,0,0,0,0,0,0,0,0,0,0
1785,0,0,0,0,0,0,0,0,0,0
1786,0,0,0,0,0,0,0,0,0,0
1787,0,0,0,0,0,0,0,0,0,0
1788,0,0,0,0,0,0,0,0,0,0
1789,0,0,0,0,0,0,0,0,0,0
1790,0,0,0,0,0,0,0,0,0,0
1791,0,0,0,0,0,0,0,0,0,1
1792,0,0,0,0,0,0,0,0,0,0
1793,0,0,0,0,0,0,0,0,0,0
1794,0,0,0,0,0,0,0,0,0,1
1795,1,0,0,0,0,0,0,0,0,0
1796,1,0,0,0,0,0,0,0,0,0
1797,1,0,0,0,0,0,0,0,0,0
1798,1,0,0,0,0,0,0,0,0,0
1799,1,0,0,0,0,0,0,0,0,0
1800,1,0,0,0,0,0,0,0,0,0
1801,1,0,0,0,0,0,0,0,0,0
1802,1,0,0,0,0,0,0,0,0,0
1803,1,0,0,0,0,0,0,0,0,0
1804,1,0,0,0,0,0,0,0,0,0
1805,1,0,0,0,0,0,0,0,0,0
1806,1,0,0,0,0,0,0,0,0,0
1807,1,0,0,0,0,0,0,0,0,0
1808,1,0,0,0,0,0,0,0,0,1
1809,1,0,0,0,0,0,0,0,0,1
1810,1,0,0,0,0,0,0,0,0,1
1811,1,0,0,0,0,0,0,0,0,1
1812,1,0,0,0,0,0,0,0,0,1
1813,1,0,0,0,0,0,0,0,0,1
1814,1,0,0,0,0,0,0,0,0,1
1815,1,0,0,0,0,0,0,0,0,0
1816,1,0,0,0,0,0,0,0,0,1
1817,1,0,0,0,0,0,0,0,0,1
1818,1,0,0,0,0,0,0,0,0,1
1819,1,0,0,0,0,0,0,0,0,1
1820,1,0,0,0,0,0,0,0,0,0
1821,1,0,0,0,0,0,0,0,0,1
1822,1,0,0,0,0,0,0,0,0,1
1823,1,0,0,0,0,0,0,0,0,0
1824,1,0,0,0,0,0,0,0,0,0
1825,0,0,0,0,0,0,0,0,0,0
1826,1,0,0,0,0,0,0,0,0,0
1827,1,0,0,0,0,0,0,0,1,0
1828,1,0,0,0,0,0,0,0,1,0
1829,1,0,0,0,0,0,0,0,1,0
1830,1,0,0,0,0,0,0,0,1,0
1831,1,0,0,0,0,0,0,0,1,0
1832,1,0,0,0,0,0,0,0,0,0
1833,1,0,0,0,0,0,0,0,0,0
1834,1,0,0,0,0,0,0,0,0,0
1835,1,0,0,0,0,0,0,0,0,0
1836,1,0,0,0,0,0,0,0,0,0
1837,1,0,0,0,0,0,0,0,0,0
1838,1,0,0,0,0,0,0,0,0,0
1839,1,0,0,0,0,0,0,0,0,0
1840,1,0,0,0,0,0,0,0,0,0
1841,1,0,0,0,0,0,0,0,0,0
1842,1,0,0,0,0,0,0,0,0,0
1843,1,0,0,0,0,0,0,0,0,0
1844,1,0,0,0,0,0,0,0,0,0
1845,1,0,0,0,0,0,0,0,0,0
1846,1,0,0,0,0,0,0,0,0,0
1847,1,0,0,0,0,0,0,0,0,0
1848,1,0,0,0,0,0,0,0,0,0
1849,1,0,0,0,0,0,0,0,0,0
1850,1,0,0,0,0,0,0,0,0,0
1851,1,0,0,0,0,0,0,0,0,0
1852,1,0,0,0,0,0,0,0,0,0
1853,1,0,0,0,0,0,0,0,0,0
1854,1,0,0,0,0,0,0,0,0,0
1855,1,0,0,0,0,0,0,0,0,0
1856,1,0,0,0,0,0,0,0,0,0
1857,1,0,0,0,0,0,0,0,0,1
1858,1,0,0,0,0,0,0,0,0,0
1859,1,0,0,0,0,0,0,0,0,0
1860,1,0,0,0,0,0,0,0,0,1
1861,1,0,0,0,0,0,0,0,0,1
1862,1,0,0,0,0,0,0,0,0,0
1863,1,0,0,0,0,0,0,0,0,0
1864,1,0,0,0,0,0,0,0,0,0
1865,1,0,0,0,0,0,0,0,0,0
1866,1,0,0,0,0,0,0,0,0,0
1867,1,0,0,0,0,0,0,0,0,0
1868,1,0,0,0,0,0,0,0,0,0
1869,1,0,0,0,0,0,0,0,0,0
1870,1,0,0,0,0,0,0,0,0,0
1871,1,0,0,0,0,0,0,0,0,0
1872,1,0,0,0,0,0,0,0,0,0
1873,1,0,0,0,0,0,0,0,0,0
1874,1,0,0,0,0,0,0,0,0,0
1875,1,0,0,0,0,0,0,0,0,1
1876,1,0,0,0,0,0,0,0,0,1
1877,1,0,0,0,0,0,0,0,0,1
1878,1,0,0,0,0,0,0,0,0,1
1879,1,0,0,0,0,0,0,0,0,1
1880,1,0,0,0,0,0,0,0,0,1
1881,1,0,0,0,0,0,0,0,0,1
1882,1,0,0,0,0,0,0,0,0,1
1883,1,0,0,0,0,0,0,0,0,1
1884,1,0,0,0,0,0,0,0,0,1
1885,1,0,0,0,0,0,0,0,0,1
1886,1,0,0,0,0,0,0,0,0,0
1887,1,0,0,0,0,0,0,0,0,0
1888,1,0,0,0,0,0,0,0,0,1
1889,1,0,0,0,0,0,0,0,0,0
1890,1,0,0,0,0,0,0,0,0,0
1891,1,0,0,0,0,0,0,0,0,0
1892,1,0,0,0,0,0,0,0,0,0
1893,1,0,0,0,0,0,0,0,0,0
1894,1,0,0,0,0,0,0,0,0,0
1895,1,0,0,0,0,0,0,0,0,0
1896,1,0,0,0,0,0,0,0,0,0
1897,1,0,0,0,0,0,0,0,0,0
1898,1,0,0,0,0,0,0,0,0,0
1899,1,0,0,0,0,0,0,0,0,0
1900,1,0,0,0,0,0,0,0,0,0
1901,1,0,0,0,0,0,0,0,0,0
1902,1,0,0,0,0,0,0,0,0,0
1903,1,0,0,0,0,0,0,0,0,0
1904,1,0,0,0,0,0,0,0,0,0
1905,1,0,0,0,0,0,0,0,0,0
1906,1,0,0,0,0,0,0,0,0,0
1907,1,0,0,0,0,0,0,0,0,0
1908,1,0,0,0,0,0,0,0,0,0
1909,0,0,0,0,0,0,0,0,0,0
1910,0,0,0,0,0,0,0,0,0,0
1911,0,0,0,0,0,0,0,0,0,0
1912,0,0,0,0,0,0,0,0,0,0
1913,0,0,0,1,0,0,0,0,0,0
1914,0,0,0,1,0,0,0,0,0,0
1915,0,0,0,1,0,0,0,0,0,0
1916,0,0,0,1,0,0,0,0,0,0
1917,0,0,0,1,0,0,0,0,0,0
1918,0,0,0,1,0,0,0,0,0,0
1919,0,0,0,1,0,0,0,0,0,0
1920,0,0,0,1,0,0,0,0,0,0
1921,0,0,0,1,0,0,0,0,0,0
1922,0,0,0,1,0,0,0,0,0,0
1923,0,0,0,1,0,0,0,0,0,0
1924,0,0,0,1,0,0,0,0,0,0
1925,0,0,0,1,0,0,0,0,0,0
1926,0,0,0,1,0,0,0,0,0,0
1927,0,0,0,0,0,0,0,0,0,0
1928,0,0,0,0,0,0,0,0,0,0
1929,0,0,0,0,0,0,0,0,0,0
1930,0,0,0,0,0,0,0,0,0,0
1931,0,0,0,0,0,0,0,0,0,0
1932,0,0,0,0,0,0,0,0,0,0
1933,0,0,0,0,0,0,0,0,0,0
1934,0,0,0,0,0,0,0,0,0,0
1935,0,0,0,0,0,0,0,0,0,0
1936,0,0,0,1,0,0,0,0,0,0
1937,0,0,0,0,0,0,0,0,0,0
1938,0,0,0,0,0,0,0,0,0,0
1939,0,0,0,0,0,0,0,0,0,0
1940,0,0,0,0,0,0,0,0,0,0
1941,0,0,0,0,0,0,0,0,0,0
1942,0,0,0,0,0,0,0,0,0,0
1943,0,0,0,0,0,0,0,0,0,0
1944,0,0,0,0,0,0,0,0,0,0
1945,0,0,0,0,0,0,0,0,0,0
1946,0,0,0,0,0,0,0,0,0,0
1947,1,0,0,0,0,0,0,0,0,0
1948,1,0,0,0,0,0,0,0,0,0
1949,1,0,0,0,0,0,0,0,0,0
1950,1,0,0,0,0,0,0,0,0,0
1951,1,0,0,0,0,0,0,0,0,0
1952,0,0,0,0,0,0,0,0,0,0
1953,1,0,0,0,0,0,0,0,0,0
1954,1,0,0,0,0,0,0,0,0,0
1955,0,0,0,0,0,0,0,0,0,0
1956,0,0,0,0,0,0,0,0,0,0
1957,0,0,0,0,0,0,0,0,0,0
1958,0,0,0,0,0,0,0,0,0,1
1959,0,0,0,0,0,0,0,0,0,1
1960,0,0,0,0,0,0,0,0,0,0
1961,0,0,0,0,0,0,0,0,0,0
1962,0,0,0,0,0,0,0,0,0,0
1963,0,0,0,0,0,0,0,0,0,0
1964,0,0,0,0,0,0,0,0,0,0
1965,0,0,0,0,0,0,0,0,0,0
1966,0,0,0,0,0,0,0,0,0,0
1967,0,0,0,0,0,0,0,0,0,0
1968,0,0,0,0,0,0,0,0,0,0
1969,0,0,0,0,0,0,0,0,0,0
1970,0,0,0,0,0,0,0,0,0,0
1971,0,0,0,0,0,0,0,0,0,0
1972,0,0,0,0,0,0,0,0,0,0
1973,0,0,0,0,0,0,0,0,0,0
1974,0,0,0,0,0,0,0,0,0,0
1975,0,0,0,0,0,0,0,0,0,0
1976,0,0,0,0,0,0,0,0,0,0
1977,0,0,0,0,0,0,0,0,0,0
1978,0,0,0,0,0,0,0,0,0,0
1979,0,0,0,0,0,0,0,0,0,0
1980,0,0,0,0,0,0,0,0,0,0
1981,0,0,0,0,0,0,0,0,0,0
1982,0,0,0,0,0,0,0,0,0,0
1983,0,0,0,0,0,0,0,0,0,0
1984,0,0,0,0,0,0,0,0,0,0
1985,0,0,0,0,0,0,0,0,0,0
1986,0,0,0,0,0,0,0,0,0,0
1987,0,0,0,0,0,0,0,0,0,0
1988,0,0,0,0,0,0,0,0,0,0
1989,0,0,0,0,0,0,0,0,0,0
1990,0,0,0,0,0,0,0,0,0,0
1991,0,0,0,0,0,0,0,0,0,0
1992,0,0,0,0,0,0,0,0,0,0
1993,0,0,0,0,0,0,0,0,0,0
1994,0,0,0,0,0,0,0,0,0,0
1995,0,0,0,0,0,0,0,0,0,0
1996,0,0,0,0,0,0,0,0,0,0
1997,0,0,0,0,0,0,0,0,0,0
1998,0,0,0,0,0,0,0,0,0,0
1999,0,0,0,0,0,0,0,0,0,0
2000,0,0,0,0,0,0,0,0,0,0
2001,0,0,0,0,0,0,0,0,0,0
2002,0,0,0,0,0,0,0,0,0,0
2003,0,0,0,0,0,0,0,0,0,0
2004,0,0,0,0,0,0,0,0,0,0
2005,0,0,0,0,0,0,0,0,0,0
2006,0,0,0,0,0,0,0,0,0,0
2007,0,0,0,0,0,0,0,0,0,0
2008,0,0,0,0,0,0,0,0,0,0
2009,0,0,0,0,0,0,0,0,0,0
2010,0,0,0,0,0,0,0,0,0,0
2011,0,0,0,0,0,0,0,0,0,0
2012,0,0,0,0,0,0,0,0,0,0
2013,0,0,0,0,0,0,0,0,0,0
2014,0,0,0,0,0,0,0,0,0,0
2015,0,0,0,0,0,0,0,0,0,0
2016,0,0,0,0,0,0,0,0,0,0
2017,0,0,0,0,0,0,0,0,0,0
2018,0,0,0,0,0,0,0,0,0,0
2019,0,0,0,0,0,0,0,0,0,0
2020,0,0,0,0,0,0,0,0,0,0
2021,0,0,0,0,0,0,0,0,0,0
2022,0,0,0,0,0,0,0,0,0,0
2023,0,0,0,0,0,0,0,0,0,0
2024,0,0,0,0,0,0,0,0,0,0
2025,0,0,0,0,0,0,0,0,0,0
2026,0,0,0,0,0,0,0,0,0,0
2027,0,0,0,0,0,0,0,0,0,0
2028,0,0,0,0,0,0,0,0,0,0
2029,0,0,0,0,0,0,0,0,0,0
2030,0,0,0,0,0,0,0,0,0,0
2031,0,0,0,0,0,0,0,0,0,0
2032,0,0,0,0,0,0,0,0,0,0
2033,0,0,0,0,0,0,0,0,0,0
2034,0,0,0,0,0,0,0,0,0,0
2035,0,0,0,0,0,0,0,0,0,0
2036,0,0,0,0,0,0,0,0,0,0
2037,0,0,0,0,0,0,0,0,0,0
2038,0,0,0,0,0,0,0,0,0,0
2039,0,0,0,0,0,0,0,0,0,0
2040,0,0,0,0,0,0,0,0,0,0
2041,0,0,0,0,0,0,0,0,0,0
2042,0,0,0,0,0,0,0,0,0,0
2043,0,0,0,0,0,0,0,0,0,0
2044,0,0,0,0,0,0,0,0,0,0
2045,0,0,0,0,0,0,0,0,0,0
2046,0,0,0,0,0,0,0,0,0,0
2047,0,0,0,0,0,0,0,0,0,0
2048,0,0,0,0,0,0,0,0,0,0
2049,0,0,0,0,0,0,0,0,0,0
2050,0,0,0,0,0,0,0,0,0,0
2051,0,0,0,0,0,0,0,0,0,0
2052,0,0,0,0,0,0,0,0,0,0
2053,0,0,0,0,0,0,0,0,0,0
2054,0,0,0,0,0,0,0,0,0,0
2055,0,0,0,0,0,0,0,0,0,0
2056,0,0,0,0,0,0,0,0,0,0
2057,0,0,0,0,0,0,0,0,0,0
2058,0,0,0,0,0,0,0,0,0,0
2059,0,0,0,0,0,0,0,0,0,0
2060,0,0,0,0,0,0,0,0,0,0
2061,0,0,0,0,0,0,0,0,0,0
2062,0,0,0,0,0,0,0,0,0,0
2063,0,0,0,0,0,0,0,0,0,0
2064,0,0,0,0,0,0,0,0,0,0
2065,0,0,0,0,0,0,0,0,0,0
2066,0,0,0,0,0,0,0,0,0,0
2067,0,0,0,0,0,0,0,0,0,0
2068,0,0,0,0,0,0,0,0,0,0
2069,0,0,0,0,0,0,0,0,0,0
2070,0,0,0,0,0,0,0,0,0,0
2071,0,0,0,0,0,0,0,0,0,0
2072,0,0,0,0,0,0,0,0,0,0
2073,0,0,0,0,0,0,0,0,0,0
2074,0,0,0,0,0,0,0,0,0,0
2075,0,0,0,0,0,0,0,0,0,0
2076,0,0,0,0,0,0,0,0,0,0
2077,0,0,0,0,0,0,0,0,0,0
2078,0,0,0,0,0,0,0,0,0,0
2079,0,0,0,0,0,0,0,0,0,0
2080,0,0,0,0,0,0,0,0,0,0
2081,0,0,0,0,0,0,0,0,0,0
2082,0,0,0,0,0,0,0,0,0,0
2083,0,0,0,0,0,0,0,0,0,0
2084,0,0,0,0,0,0,0,0,0,0
2085,0,0,0,0,0,0,0,0,0,0
2086,0,0,0,0,0,0,0,0,0,0
2087,0,0,0,0,0,0,0,0,0,0
2088,0,0,0,0,0,0,0,0,0,0
2089,0,0,0,0,0,0,0,0,0,0
2090,0,0,0,0,0,0,0,0,0,0
2091,0,0,0,0,0,0,0,0,0,0
2092,0,0,0,0,0,0,0,0,0,0
2093,0,0,0,0,0,0,0,0,0,0
2094,0,0,0,0,0,0,0,0,0,0
2095,0,0,0,0,0,0,0,0,0,0
2096,0,0,0,0,0,0,0,0,0,0
2097,0,0,0,0,0,0,0,0,0,0
2098,0,0,0,0,0,0,0,0,0,0
2099,0,0,0,0,0,0,0,0,0,0
2100,0,0,0,0,0,0,0,0,0,0
2101,0,0,0,0,0,0,0,0,0,0
2102,0,0,0,0,0,0,0,0,0,0
2103,0,0,0,0,0,0,0,0,0,0
2104,0,0,0,0,0,0,0,0,0,0
2105,0,0,0,0,0,0,0,0,0,0
2106,0,0,0,0,0,0,0,0,0,0
2107,0,0,0,0,0,0,0,0,0,0
2108,0,0,0,0,0,0,0,0,0,0
2109,0,0,0,0,0,0,0,0,0,0
2110,0,0,0,0,0,0,0,0,0,0
2111,0,0,0,0,0,0,0,0,0,0
2112,0,0,0,0,0,0,0,0,0,0
2113,0,0,0,0,0,0,0,0,0,0
2114,0,0,0,0,0,0,0,0,0,0
2115,0,0,0,0,0,0,0,0,0,0
2116,0,0,0,0,0,0,0,0,0,0
2117,0,0,0,0,0,0,0,0,0,0
2118,0,0,0,0,0,0,0,0,0,0
2119,0,0,0,0,0,0,0,0,0,0
2120,0,0,0,0,0,0,0,0,0,0
2121,0,0,0,0,0,0,0,0,0,0
2122,0,0,0,0,0,0,0,0,0,0
2123,0,0,0,0,0,0,0,0,0,0
2124,0,0,0,0,0,0,0,0,0,0
2125,0,0,0,0,0,0,0,0,0,0
2126,0,0,0,0,0,0,0,0,0,0
2127,0,0,0,0,0,0,0,0,0,0
2128,0,0,0,0,0,0,0,0,0,0
2129,0,0,0,0,0,0,0,0,0,0
2130,0,0,0,0,0,0,0,0,0,0
2131,0,0,0,0,0,0,0,0,0,0
2132,0,0,0,0,0,0,0,0,0,0
2133,0,0,0,0,0,0,0,0,0,0
2134,0,0,0,0,0,0,0,0,0,0
2135,0,0,0,0,0,0,0,0,0,0
2136,0,0,0,0,0,0,0,0,0,0
2137,0,0,0,0,0,0,0,0,0,0
2138,0,0,0,0,0,0,0,0,0,0
2139,0,0,0,0,0,0,0,0,0,0
2140,0,0,0,0,0,0,0,0,0,0
2141,0,0,0,0,0,0,0,0,0,0
2142,0,0,0,0,0,0,0,0,0,0
2143,0,0,0,0,0,0,0,0,0,0
2144,0,0,0,0,0,0,0,0,0,0
2145,0,0,0,0,0,0,0,0,0,0
2146,0,0,0,0,0,0,0,0,0,0
2147,0,0,0,0,0,0,0,0,0,0
2148,0,0,0,0,0,0,0,0,0,0
2149,0,0,0,0,0,0,0,0,0,0
2150,0,0,0,0,0,0,0,0,0,0
2151,0,0,0,0,0,0,0,0,0,0
2152,0,0,0,0,0,0,0,0,0,0
2153,0,0,0,0,0,0,0,0,0,0
2154,0,0,0,0,0,0,0,0,0,0
2155,0,0,0,0,0,0,0,0,0,0
2156,0,0,0,0,0,0,0,0,0,0
2157,0,0,0,0,0,0,0,0,0,0
2158,0,0,0,0,0,0,0,0,0,0
2159,0,0,0,0,0,0,0,0,0,0
2160,0,0,0,0,0,0,0,0,0,0
2161,0,0,0,0,0,0,0,0,0,0
2162,0,0,0,0,0,0,0,0,0,0
2163,0,0,0,0,0,0,0,0,0,0
2164,0,0,0,0,0,0,0,0,0,0
2165,0,0,0,0,0,0,0,0,0,0
2166,0,0,0,0,0,0,0,0,0,0
2167,0,0,0,0,0,0,0,0,0,0
2168,0,0,0,0,0,0,0,0,0,0
2169,0,0,0,0,0,0,0,0,0,0
2170,0,0,0,0,0,0,0,0,0,0
2171,0,0,0,0,0,0,0,0,0,0
2172,0,0,0,0,0,0,0,0,0,0
2173,0,0,0,0,0,0,0,0,0,0
2174,0,0,0,0,0,0,0,0,0,0
2175,0,0,0,0,0,0,0,0,0,0
2176,0,0,0,0,0,0,0,0,0,0
2177,0,0,0,0,0,0,0,0,0,0
2178,0,0,0,0,0,0,0,0,0,0
2179,0,0,0,0,0,0,0,0,0,0
2180,0,0,0,0,0,0,0,0,0,0
2181,0,0,0,0,0,0,0,0,0,0
2182,0,0,0,0,0,0,0,0,0,0
2183,0,0,0,0,0,0,0,0,0,0
2184,0,0,0,0,0,0,0,0,0,0
2185,0,0,0,0,0,0,0,0,0,0
2186,0,0,0,0,0,0,0,0,0,0
2187,0,0,0,0,0,0,0,0,0,0
2188,0,0,0,0,0,0,0,0,0,0
2189,0,0,0,0,0,0,0,0,0,0
2190,0,0,0,0,0,0,0,0,0,0
2191,0,0,0,0,0,0,0,0,0,0
2192,0,0,0,0,0,0,0,0,0,0
2193,0,0,0,0,0,0,0,0,0,0
2194,0,0,0,0,0,0,0,0,0,0
2195,0,0,0,0,0,0,0,0,0,0
2196,0,0,0,0,0,0,0,0,0,0
2197,0,0,0,0,0,0,0,0,0,0
2198,0,0,0,0,0,0,0,0,0,0
2199,0,0,0,0,0,0,0,0,0,0
2200,0,0,0,0,0,0,0,0,0,0
2201,0,0,0,0,0,0,0,0,0,0
2202,0,0,0,0,0,0,0,0,0,0
2203,0,0,0,0,0,0,0,0,0,0
2204,0,0,0,0,0,0,0,0,0,0
2205,0,0,0,0,0,0,0,0,0,0
2206,0,0,0,0,0,0,0,0,0,0
2207,0,0,0,0,0,0,0,0,0,0
2208,0,0,0,0,0,0,0,0,0,0
2209,0,0,0,0,0,0,0,0,0,0
2210,0,0,0,0,0,0,0,0,0,0
2211,0,0,0,0,0,0,0,0,0,0
2212,0,0,0,0,0,0,0,0,0,0
2213,0,0,0,0,0,0,0,0,0,0
2214,0,0,0,0,0,0,0,0,0,0
2215,0,0,0,0,0,0,0,0,0,0
2216,0,0,0,0,0,0,0,0,0,0
2217,0,0,0,0,0,0,0,0,0,0
2218,0,0,0,0,0,0,0,0,0,0
2219,0,0,0,0,0,0,0,0,0,0
